1	311992	1218252	121	0	2016-08-01 11:22:19.207793+00	0		
2	312066	1395197	19	0	2016-08-01 14:14:07.499778+00	0		
24	393478	1261488	808	0	2017-05-31 08:31:04.355584+00	0		
4	312066	1395235	118	0	2016-08-01 18:16:51.429318+00	0		
5	312066	1395197	21	0	2016-08-01 18:18:38.812703+00	0		
6	312066	173057	779	0	2016-08-01 18:21:47.746656+00	0		
7	312066	1395236	737	0	2016-08-01 18:21:59.822953+00	0		
8	312066	1395237	139	0	2016-08-01 18:24:33.983833+00	0		
9	312096	1395244	778	0	2016-08-01 18:33:50.830055+00	0		
62	451269	1595656	890	0	2017-12-12 21:15:53.856419+00	0		
11	312066	1395262	780	0	2016-08-02 14:35:27.803949+00	0		
63	452102	1596965	894	0	2017-12-16 04:16:23.489723+00	0		
13	312066	1396465	260	0	2016-08-06 16:52:58.728402+00	0		
14	312066	1396508	780	0	2016-08-06 20:19:21.198133+00	0		
64	452104	124402	183	0	2017-12-16 04:23:35.126864+00	0		
19	313022	1396778	137	0	2016-08-08 00:11:20.311737+00	0		
20	313022	1396778	384	0	2016-08-08 00:14:13.095024+00	0		
21	312066	1396778	799	0	2016-08-24 09:32:05.541821+00	0	Bartolomeo Cristofori	
22	312066	1127022	804	0	2016-10-14 08:08:04.482633+00	0		
65	312066	1600693	89	0	2017-12-24 20:31:41.04257+00	0		
66	312066	1600695	89	0	2017-12-24 20:34:39.278295+00	0		
25	329485	1428722	125	0	2016-11-03 12:38:46.515932+00	0		
67	312066	1600696	89	0	2017-12-24 20:35:38.253792+00	0		
26	330275	1430780	814	0	2016-11-10 15:07:00.246776+00	0		
27	330279	1430808	815	0	2016-11-10 16:37:23.279482+00	0		
15	331785	1395262	794	0	2016-11-20 09:31:05.949158+00	0		
10	331786	1395262	175	0	2016-11-20 09:31:09.414974+00	0		
16	331787	1395262	795	0	2016-11-20 09:31:15.37082+00	0		
12	331788	1395262	793	0	2016-11-20 09:31:20.825332+00	0		
28	312066	392332	764	0	2016-11-22 00:18:18.120993+00	0		
29	332406	1435339	817	0	2016-11-22 22:34:38.618308+00	0	Alata Brulaye	
68	312066	1606085	512	0	2018-01-06 19:13:29.034281+00	0		
30	342574	1455152	823	0	2017-01-06 01:33:23.73701+00	0		
69	312066	1606086	512	0	2018-01-06 19:13:29.034281+00	0		
32	352504	1475098	410	0	2017-02-17 22:37:48.867482+00	0		
99	498121	1673294	38	0	2018-06-06 18:18:16.324205+00	0		
100	498135	3259	929	0	2018-06-06 20:25:09.985048+00	0		
101	498135	1673336	929	0	2018-06-06 20:25:09.985048+00	0		
102	499337	1651477	736	0	2018-06-14 00:37:43.839255+00	0		
54	432545	1566588	126	0	2017-10-04 22:51:12.810678+00	0		
35	369501	1488150	835	0	2017-03-21 20:29:48.763809+00	0		
103	499337	1676286	736	0	2018-06-14 00:37:43.839255+00	0		
37	369532	1488188	838	0	2017-03-21 22:46:44.864159+00	0		
36	369533	1488173	837	0	2017-03-21 22:47:14.260068+00	0		
38	369534	1488191	839	0	2017-03-21 22:47:58.636035+00	0		
39	369536	1488193	193	0	2017-03-21 22:53:15.106539+00	0		
73	312066	748211	57	0	2018-01-29 04:19:08.407957+00	0		
41	312066	1492841	840	0	2017-04-04 02:40:25.586278+00	0		
43	373550	512200	842	0	2017-04-04 14:33:05.962693+00	0		
57	438302	1396778	879	0	2017-10-24 23:18:05.73998+00	0		
142	620926	1858605	637	0	2019-08-18 16:24:50.189656+00	0		
45	374073	1493566	844	0	2017-04-05 15:12:09.84141+00	0		
46	375303	1495116	848	0	2017-04-08 21:42:09.159811+00	0		
47	378791	1498628	852	0	2017-04-18 13:13:43.616752+00	0		
75	466210	1618189	897	0	2018-02-03 18:27:16.46387+00	0		
59	446835	1473834	285	0	2017-11-26 07:15:32.832211+00	0		
76	466447	1618616	898	0	2018-02-04 16:44:08.989028+00	0		
77	466561	1618810	900	0	2018-02-04 23:01:29.164812+00	0		
61	312066	1592626	889	0	2017-12-06 20:31:59.253305+00	0		
78	467614	143903	901	0	2018-02-08 22:56:47.326713+00	0		
191	860509	2242375	451	0	2021-11-04 19:22:27.945165+00	0		
136	312066	384930	630	0	2019-01-11 00:18:13.946003+00	0		
137	567033	1767506	946	0	2019-01-23 23:36:48.709685+00	0		
154	683188	1644690	519	0	2020-03-26 15:58:18.249322+00	0		
113	517885	1207067	934	0	2018-08-11 15:44:49.178337+00	0		
114	369534	1700127	935	0	2018-08-11 21:33:23.215074+00	0		
116	523074	1705804	694	0	2018-08-27 13:52:18.007482+00	0		
138	568233	1769938	948	0	2019-01-29 12:04:57.635695+00	0		
18	570560	344826	796	0	2019-02-08 16:50:54.759905+00	0		
17	570560	344829	796	0	2019-02-08 16:51:04.465916+00	0		
162	748012	2051296	1020	0	2020-10-05 18:57:48.292423+00	0		
188	312066	2206503	816	0	2021-08-15 19:44:42.28214+00	0		
176	312066	2109725	1029	0	2021-01-25 12:20:56.663073+00	0		
166	762326	2076450	1022	0	2020-11-19 11:39:49.03046+00	0		
91	472124	1627392	51	0	2018-02-25 02:13:15.297158+00	0		
42	373366	1492963	841	0	2021-04-13 14:46:04.387209+00	0		dulcitone
177	806272	2151659	841	0	2021-04-13 14:46:04.387209+00	0	Victor Mustel	typophone
3	312066	580555	277	0	2018-03-13 16:36:37.615335+00	0		
93	476215	830276	216	0	2018-03-14 13:10:52.662014+00	0		
94	476215	1634966	216	0	2018-03-14 13:35:41.62149+00	0		
95	312066	1635063	219	0	2018-03-14 16:02:45.006444+00	0		
96	481517	1644690	488	0	2018-04-05 00:57:14.219874+00	0		
97	482733	1646861	742	0	2018-04-10 10:08:13.539666+00	0		
98	486861	1652813	129	0	2018-04-23 15:13:07.011966+00	0		
237	312066	2307127	398	0	2022-03-15 16:46:24.30692+00	0		
52	312066	1994	873	0	2022-03-23 20:01:18.60501+00	0		
