1	183557	431	245	0	2014-08-04 20:10:02.875694+00	0		
37	183557	44	546	0	2014-08-04 20:19:25.474048+00	0		
2	183557	107	616	0	2014-08-04 20:10:08.8049+00	0		
3	183557	107	493	0	2014-08-04 20:10:08.8049+00	0		
4	183557	107	617	0	2014-08-04 20:10:08.8049+00	0		
38	183557	44	220	0	2014-08-04 20:19:25.474048+00	0		
5	183557	107	173	0	2014-08-04 20:10:08.8049+00	0		
6	183557	107	192	0	2014-08-04 20:10:08.8049+00	0		
90	183557	36	584	0	2014-08-04 20:27:02.071276+00	0		
7	183557	107	470	0	2014-08-04 20:10:08.8049+00	0		
39	183557	44	215	0	2014-08-04 20:19:25.474048+00	0		
8	183557	107	70	0	2014-08-04 20:10:08.8049+00	0		
9	183557	107	223	0	2014-08-04 20:10:08.8049+00	0		
10	183557	107	82	0	2014-08-04 20:10:08.8049+00	0		
40	183557	44	216	0	2014-08-04 20:19:25.474048+00	0		
11	183557	107	87	0	2014-08-04 20:10:08.8049+00	0		
12	183557	107	555	0	2014-08-04 20:10:08.8049+00	0		
147	183557	99	612	0	2014-08-04 21:09:49.540258+00	0		
13	183557	107	575	0	2014-08-04 20:10:08.8049+00	0		
41	183557	44	219	0	2014-08-04 20:19:25.474048+00	0		
14	183557	107	565	0	2014-08-04 20:10:08.8049+00	0		
15	183557	107	380	0	2014-08-04 20:10:08.8049+00	0		
91	183557	36	628	0	2014-08-04 20:27:02.071276+00	0		
16	183557	107	557	0	2014-08-04 20:10:08.8049+00	0		
42	183557	44	506	0	2014-08-04 20:19:25.474048+00	0		
17	183557	107	553	0	2014-08-04 20:10:08.8049+00	0		
18	183557	107	558	0	2014-08-04 20:10:08.8049+00	0		
19	183557	107	554	0	2014-08-04 20:10:08.8049+00	0		
43	183557	44	452	0	2014-08-04 20:19:25.474048+00	0		
20	183557	107	378	0	2014-08-04 20:10:08.8049+00	0		
21	183557	107	147	0	2014-08-04 20:10:08.8049+00	0		
127	183557	127	517	0	2014-08-04 20:56:15.944385+00	0		
22	183557	142	564	0	2014-08-04 20:11:57.500507+00	0		
44	183557	44	213	0	2014-08-04 20:19:25.474048+00	0		
23	183557	142	593	0	2014-08-04 20:11:57.500507+00	0		
24	183557	142	224	0	2014-08-04 20:11:57.500507+00	0		
92	183557	36	618	0	2014-08-04 20:27:02.071276+00	0		
25	183557	142	573	0	2014-08-04 20:11:57.500507+00	0		
45	183557	44	549	0	2014-08-04 20:19:25.474048+00	0		
445	183557	682	920	0	2018-05-05 17:05:56.213373+00	0		
28	183557	44	483	0	2014-08-04 20:19:25.474048+00	0		
29	183557	44	460	0	2014-08-04 20:19:25.474048+00	0		
93	183557	36	619	0	2014-08-04 20:27:02.071276+00	0		
30	183557	44	547	0	2014-08-04 20:19:25.474048+00	0		
31	183557	44	45	0	2014-08-04 20:19:25.474048+00	0		
32	183557	44	548	0	2014-08-04 20:19:25.474048+00	0		
94	183557	36	287	0	2014-08-04 20:27:02.071276+00	0		
33	183557	44	484	0	2014-08-04 20:19:25.474048+00	0		
34	183557	44	651	0	2014-08-04 20:19:25.474048+00	0		
129	183557	123	422	0	2014-08-04 20:59:17.596377+00	0		
35	183557	44	221	0	2014-08-04 20:19:25.474048+00	0		
96	183557	149	186	0	2014-08-04 20:34:07.548819+00	0		
36	183557	44	218	0	2014-08-04 20:19:25.474048+00	0		
46	183557	44	214	0	2014-08-04 20:19:25.474048+00	0		
47	183557	44	609	0	2014-08-04 20:19:25.474048+00	0		
100	183557	99	508	0	2014-08-04 20:38:40.964269+00	0		
48	183557	44	350	0	2014-08-04 20:19:25.474048+00	0		
49	183557	44	545	0	2014-08-04 20:19:25.474048+00	0		
50	183557	44	244	0	2014-08-04 20:19:25.474048+00	0		
101	183557	99	643	0	2014-08-04 20:38:40.964269+00	0		
51	183557	44	254	0	2014-08-04 20:19:25.474048+00	0		
52	183557	44	222	0	2014-08-04 20:19:25.474048+00	0		
131	183557	214	440	0	2014-08-04 20:59:50.424081+00	0		
53	183557	44	240	0	2014-08-04 20:19:25.474048+00	0		
102	183557	99	528	0	2014-08-04 20:38:40.964269+00	0		
54	183557	44	217	0	2014-08-04 20:19:25.474048+00	0		
55	183557	44	241	0	2014-08-04 20:19:25.474048+00	0		
56	183557	44	581	0	2014-08-04 20:19:25.474048+00	0		
103	183557	99	494	0	2014-08-04 20:38:40.964269+00	0		
57	183557	44	551	0	2014-08-04 20:19:25.474048+00	0		
149	183557	156	457	0	2014-08-04 21:10:29.992872+00	0		
108	183557	63	643	0	2014-08-04 20:40:25.259573+00	0		
132	183557	97	440	0	2014-08-04 20:59:50.424081+00	0		
109	183557	18	643	0	2014-08-04 20:40:25.259573+00	0		
133	183557	175	440	0	2014-08-04 20:59:50.424081+00	0		
178	183557	171	647	0	2014-08-04 21:23:45.099556+00	0		
135	183557	107	578	0	2014-08-04 21:00:47.411606+00	0		
150	183557	131	364	0	2014-08-04 21:10:40.527711+00	0		
137	183557	176	485	0	2014-08-04 21:00:53.91813+00	0		
140	183557	132	589	0	2014-08-04 21:01:02.348822+00	0		
162	183557	138	92	0	2014-08-04 21:20:39.569886+00	0		
141	183557	132	592	0	2014-08-04 21:01:02.376875+00	0		
152	183557	229	302	0	2014-08-04 21:11:34.348477+00	0		
143	183557	84	482	0	2014-08-04 21:04:27.117833+00	0		
145	183557	273	631	0	2014-08-04 21:09:26.329598+00	0		
169	183557	101	629	0	2014-08-04 21:22:06.438306+00	0		
154	183557	156	330	0	2014-08-04 21:14:20.225218+00	0		
164	183557	101	326	0	2014-08-04 21:21:46.459147+00	0		
155	183557	435	74	0	2014-08-04 21:16:33.45038+00	0		
160	183557	103	406	0	2014-08-04 21:17:32.387512+00	0		
166	183557	101	399	0	2014-08-04 21:21:58.067283+00	0		
174	183557	101	540	0	2014-08-04 21:22:55.744803+00	0		
167	183557	1	399	0	2014-08-04 21:21:58.067283+00	0		
180	183557	218	363	0	2014-08-04 21:25:43.81011+00	0		
175	183557	214	540	0	2014-08-04 21:22:55.744803+00	0		
552	183557	81	1029	0	2021-01-25 12:20:56.663073+00	0		
182	183557	63	370	0	2014-08-04 21:26:52.400619+00	0		
186	183557	1834	431	0	2014-08-04 21:32:23.570914+00	0		
188	183557	30	379	0	2014-08-04 21:33:25.517361+00	0		
190	183557	11	397	0	2014-08-04 21:35:08.4777+00	0		
192	183557	13	155	0	2014-08-04 21:35:35.572334+00	0		
448	183557	98846	928	0	2018-06-05 19:03:18.399777+00	0		
195	183557	30	583	0	2014-08-04 21:38:04.338024+00	0		
197	183557	1892	518	0	2014-08-04 21:38:48.662343+00	0		
198	183557	208	618	0	2014-08-04 22:01:54.756122+00	0		
200	183557	208	625	0	2014-08-04 22:03:29.295891+00	0		
202	183557	208	667	0	2014-08-04 22:25:24.306817+00	0		
204	183557	208	670	0	2014-08-04 22:44:27.975+00	0		
536	183557	2763	1003	0	2019-11-11 19:35:36.39114+00	0		
206	183557	208	672	0	2014-08-04 22:58:21.581829+00	0		
538	183557	4555	1005	0	2019-11-15 21:52:26.625552+00	0		
58	183557	44	599	0	2014-08-04 20:19:25.474048+00	0		
59	183557	44	550	0	2014-08-04 20:19:25.474048+00	0		
60	183557	116	611	0	2014-08-04 20:23:41.010041+00	0		
480	183557	4579	966	0	2019-05-09 16:32:12.199308+00	0		
61	183557	208	611	0	2014-08-04 20:23:41.010041+00	0		
62	183557	229	319	0	2014-08-04 20:23:09.797648+00	0		
187	183557	30	491	0	2014-08-04 21:33:24.680967+00	0		
63	183557	229	317	0	2014-08-04 20:23:09.797648+00	0		
97	183557	149	459	0	2014-08-04 20:34:35.813346+00	0		
64	183557	229	283	0	2014-08-04 20:23:09.797648+00	0		
65	183557	229	303	0	2014-08-04 20:23:09.797648+00	0		
128	183557	72	424	0	2014-08-04 20:59:07.76084+00	0		
66	183557	229	311	0	2014-08-04 20:23:09.797648+00	0		
98	183557	99	459	0	2014-08-04 20:34:35.813346+00	0		
67	183557	229	199	0	2014-08-04 20:23:09.797648+00	0		
68	183557	229	324	0	2014-08-04 20:23:09.797648+00	0		
69	183557	229	309	0	2014-08-04 20:23:09.797648+00	0		
99	183557	162	459	0	2014-08-04 20:34:35.813346+00	0		
70	183557	229	251	0	2014-08-04 20:23:09.797648+00	0		
71	183557	229	242	0	2014-08-04 20:23:09.797648+00	0		
168	183557	101	630	0	2014-08-04 21:22:03.335131+00	0		
72	183557	229	225	0	2014-08-04 20:23:09.797648+00	0		
104	183557	162	508	0	2014-08-04 20:39:51.443579+00	0		
73	183557	229	337	0	2014-08-04 20:23:09.797648+00	0		
74	183557	229	257	0	2014-08-04 20:23:09.797648+00	0		
130	183557	202	513	0	2014-08-04 20:59:29.976014+00	0		
75	183557	229	250	0	2014-08-04 20:23:09.797648+00	0		
105	183557	162	643	0	2014-08-04 20:39:51.443579+00	0		
76	183557	229	608	0	2014-08-04 20:23:09.797648+00	0		
77	183557	229	243	0	2014-08-04 20:23:09.797648+00	0		
78	183557	229	322	0	2014-08-04 20:23:09.797648+00	0		
106	183557	162	528	0	2014-08-04 20:39:51.443579+00	0		
79	183557	229	267	0	2014-08-04 20:23:09.797648+00	0		
81	183557	229	284	0	2014-08-04 20:23:09.797648+00	0		
107	183557	162	494	0	2014-08-04 20:39:51.443579+00	0		
82	183557	229	304	0	2014-08-04 20:23:09.797648+00	0		
83	183557	229	305	0	2014-08-04 20:23:09.797648+00	0		
134	183557	107	580	0	2014-08-04 21:00:45.877336+00	0		
110	183557	99	190	0	2014-08-04 20:54:46.166781+00	0		
111	183557	99	418	0	2014-08-04 20:54:46.166781+00	0		
112	183557	99	530	0	2014-08-04 20:54:46.166781+00	0		
136	183557	107	579	0	2014-08-04 21:00:49.825151+00	0		
113	183557	99	529	0	2014-08-04 20:54:46.166781+00	0		
114	183557	99	286	0	2014-08-04 20:54:46.166781+00	0		
170	183557	101	467	0	2014-08-04 21:22:37.7243+00	0		
115	183557	99	476	0	2014-08-04 20:54:46.166781+00	0		
138	183557	176	423	0	2014-08-04 21:00:55.798139+00	0		
116	183557	99	88	0	2014-08-04 20:54:46.166781+00	0		
117	183557	99	535	0	2014-08-04 20:54:46.166781+00	0		
118	183557	99	382	0	2014-08-04 20:54:46.166781+00	0		
139	183557	132	590	0	2014-08-04 21:01:00.479748+00	0		
119	183557	99	331	0	2014-08-04 20:54:46.166781+00	0		
120	183557	99	474	0	2014-08-04 20:54:46.166781+00	0		
121	183557	99	534	0	2014-08-04 20:54:46.166781+00	0		
142	183557	84	298	0	2014-08-04 21:01:16.154579+00	0		
122	183557	99	537	0	2014-08-04 20:54:46.166781+00	0		
123	183557	99	533	0	2014-08-04 20:54:46.166781+00	0		
171	183557	15	467	0	2014-08-04 21:22:37.7243+00	0		
124	183557	99	475	0	2014-08-04 20:54:46.166781+00	0		
144	183557	84	236	0	2014-08-04 21:04:27.780298+00	0		
125	183557	99	502	0	2014-08-04 20:54:46.166781+00	0		
126	183557	99	480	0	2014-08-04 20:54:46.166781+00	0		
146	183557	273	89	0	2014-08-04 21:09:28.761712+00	0		
189	183557	30	644	0	2014-08-04 21:33:26.285704+00	0		
148	183557	99	501	0	2014-08-04 21:10:10.405355+00	0		
172	183557	11	467	0	2014-08-04 21:22:37.7243+00	0		
151	183557	185	646	0	2014-08-04 21:10:54.602472+00	0		
153	183557	38	613	0	2014-08-04 21:13:47.741219+00	0		
156	183557	434	427	0	2014-08-04 21:16:39.901082+00	0		
173	183557	80	467	0	2014-08-04 21:22:37.7243+00	0		
158	183557	434	355	0	2014-08-04 21:16:59.998409+00	0		
159	183557	103	355	0	2014-08-04 21:16:59.998409+00	0		
211	183557	27	680	0	2014-09-26 09:59:19.122443+00	0		
161	183557	189	571	0	2014-08-04 21:17:55.0035+00	0		
176	183557	166	664	0	2014-08-04 21:23:33.318206+00	0		
163	183557	101	328	0	2014-08-04 21:21:44.089571+00	0		
165	183557	101	503	0	2014-08-04 21:21:47.629269+00	0		
191	183557	176	432	0	2014-08-04 21:35:09.362707+00	0		
177	183557	228	664	0	2014-08-04 21:23:33.318206+00	0		
179	183557	167	336	0	2014-08-04 21:25:06.227325+00	0		
205	183557	208	671	0	2014-08-04 22:58:19.529876+00	0		
181	183557	176	67	0	2014-08-04 21:26:31.112301+00	0		
449	183557	105	929	0	2018-06-06 20:13:34.13687+00	0		
184	183557	63	634	0	2014-08-04 21:27:34.938228+00	0		
185	183557	62	568	0	2014-08-04 21:32:11.745311+00	0		
196	183557	175	297	0	2014-08-04 21:38:14.906801+00	0		
207	183557	208	673	0	2014-08-04 22:58:24.840673+00	0		
199	183557	208	627	0	2014-08-04 22:02:26.907849+00	0		
201	183557	208	668	0	2014-08-04 22:22:40.678012+00	0		
203	183557	208	669	0	2014-08-04 22:30:25.68521+00	0		
208	183557	203	679	0	2014-09-26 09:56:33.521707+00	0		
209	183557	2358	680	0	2014-09-26 09:59:19.122443+00	0		
537	183557	2763	1004	0	2019-11-11 20:45:05.29721+00	0		
210	183557	254	680	0	2014-09-26 09:59:19.122443+00	0		
214	183557	208	666	0	2014-09-26 12:52:14.36291+00	0		
212	183557	2	680	0	2014-09-26 09:59:19.122443+00	0		
213	183557	53	680	0	2014-09-26 09:59:19.122443+00	0		
219	183557	202	228	0	2015-02-14 21:49:18.312933+00	0		
215	183557	1818	582	0	2014-09-26 12:54:22.494017+00	0		
220	183557	160	78	0	2015-02-14 21:52:17.679207+00	0		
221	183557	43	688	0	2015-02-15 07:34:25.713804+00	0		
222	183557	138	687	0	2015-02-15 07:35:50.2411+00	0		
223	183557	25	689	0	2015-02-15 07:42:40.800025+00	0		
224	183557	873	689	0	2015-02-15 07:42:40.800025+00	0		
225	183557	683	689	0	2015-02-15 07:42:40.800025+00	0		
226	183557	688	689	0	2015-02-15 07:42:40.800025+00	0		
227	183557	202	691	0	2015-02-15 08:14:49.040271+00	0		
228	183557	176	692	0	2015-02-15 22:03:23.601593+00	0		
229	183557	117	696	0	2015-02-25 19:53:25.612974+00	0		
230	183557	2420	695	0	2015-02-25 19:53:39.877365+00	0		
231	183557	72	695	0	2015-02-25 19:53:39.877365+00	0		
232	183557	67	544	0	2015-02-25 19:55:41.60846+00	0		
233	183557	84	704	0	2015-02-27 15:43:16.86534+00	0		
234	183557	84	705	0	2015-02-27 15:48:45.788133+00	0		
235	183557	11	705	0	2015-02-27 15:48:45.788133+00	0		
236	183557	214	705	0	2015-02-27 15:48:45.788133+00	0		
237	183557	2458	706	0	2015-02-28 00:15:24.010482+00	0		
238	183557	2458	707	0	2015-02-28 23:39:39.01131+00	0		
239	183557	2458	708	0	2015-03-01 00:05:20.055519+00	0		
240	183557	142	708	0	2015-03-01 00:05:20.055519+00	0		
241	183557	107	709	0	2015-03-01 00:16:19.237753+00	0		
242	183557	385	710	0	2015-03-01 00:20:45.006084+00	0		
243	183557	116	711	0	2015-03-01 00:37:56.605173+00	0		
244	183557	208	711	0	2015-03-01 00:37:56.605173+00	0		
245	183557	208	712	0	2015-03-01 12:00:44.315438+00	0		
246	183557	2458	713	0	2015-03-01 12:11:17.925439+00	0		
247	183557	110	714	0	2015-03-01 12:14:50.03358+00	0		
248	183557	30	715	0	2015-03-01 12:24:13.564319+00	0		
80	183557	229	276	0	2018-03-10 10:00:50.696739+00	0		
249	183557	99	716	0	2015-03-01 12:28:35.537884+00	0		
250	183557	30	717	0	2015-03-01 15:32:44.76861+00	0		
251	183557	30	718	0	2015-03-01 15:36:41.78089+00	0		
252	183557	30	719	0	2015-03-01 15:44:49.056494+00	0		
253	183557	30	721	0	2015-03-02 01:45:57.345513+00	0		
254	183557	30	722	0	2015-03-02 01:48:57.359267+00	0		
255	183557	30	723	0	2015-03-02 01:52:00.305837+00	0		
256	183557	167	724	0	2015-03-02 02:10:21.152379+00	0		
257	183557	100	725	0	2015-03-02 12:53:18.187603+00	0		
258	183557	32	725	0	2015-03-02 12:53:18.187603+00	0		
259	183557	129	725	0	2015-03-02 12:53:18.187603+00	0		
260	183557	168	725	0	2015-03-02 12:53:18.187603+00	0		
261	183557	188	725	0	2015-03-02 12:53:18.187603+00	0		
262	183557	181	726	0	2015-03-02 13:03:53.688195+00	0		
263	183557	50	726	0	2015-03-02 13:03:53.688195+00	0		
264	183557	107	267	0	2015-03-02 15:44:53.380802+00	0		
265	183557	44	267	0	2015-03-02 15:44:53.380802+00	0		
193	183557	219	394	0	2018-01-08 19:00:33.104827+00	0		
431	183557	81	896	0	2018-02-03 18:22:09.807102+00	0		
268	183557	138	728	0	2015-03-03 13:24:47.791795+00	0		
269	183557	170	730	0	2015-03-03 13:33:31.236577+00	0		
270	183557	99	185	0	2015-03-03 18:18:24.318041+00	0		
271	183557	162	185	0	2015-03-03 18:18:24.318041+00	0		
272	183557	149	185	0	2015-03-03 18:18:24.318041+00	0		
273	183557	1	185	0	2015-03-03 18:18:24.318041+00	0		
274	183557	18	185	0	2015-03-03 18:18:24.318041+00	0		
275	183557	195	185	0	2015-03-03 18:18:24.318041+00	0		
276	183557	68	734	0	2015-03-06 03:22:56.003792+00	0		
277	183557	66	734	0	2015-03-06 03:22:56.003792+00	0		
278	183557	3966	358	0	2015-03-07 20:25:39.13718+00	0		
279	183557	4024	358	0	2015-03-07 20:25:39.13718+00	0		
280	183557	99	744	0	2015-11-04 11:20:23.256298+00	0		
281	183557	138	746	0	2015-11-04 11:32:08.756735+00	0		
282	183557	115501	188	0	2015-11-04 12:14:55.060064+00	0		
157	183557	115501	187	0	2015-11-04 12:15:15.426718+00	0		
539	183557	214	235	0	2019-11-24 01:24:52.184296+00	0		
285	183557	54	103	0	2015-11-06 23:15:39.608791+00	0		
286	183557	99	536	0	2015-11-06 23:16:01.126656+00	0		
287	183557	54	102	0	2015-11-06 23:16:08.825468+00	0		
288	183557	214	525	0	2015-11-06 23:16:50.76771+00	0		
289	183557	214	739	0	2015-11-06 23:18:03.209412+00	0		
290	183557	214	531	0	2015-11-06 23:19:26.304866+00	0		
291	183557	214	532	0	2015-11-06 23:19:39.290933+00	0		
543	183557	4561	1008	0	2019-12-02 22:18:15.307368+00	0	Sunda	
308	183557	175	768	0	2022-03-14 10:22:38.430811+00	0	Transylvania	
294	183557	54	753	0	2015-11-13 11:48:59.170035+00	0		
295	183557	99	754	0	2015-11-13 11:55:44.891056+00	0		
296	183557	195	754	0	2015-11-13 11:55:44.891056+00	0		
297	183557	22	756	0	2015-11-13 13:54:37.000757+00	0		
298	183557	95	756	0	2015-11-13 13:54:37.000757+00	0		
299	183557	89	756	0	2015-11-13 13:54:37.000757+00	0		
300	183557	89	757	0	2015-11-13 14:06:27.948717+00	0		
301	183557	95	757	0	2015-11-13 14:06:27.948717+00	0		
302	183557	22	757	0	2015-11-13 14:06:27.948717+00	0		
303	183557	89	758	0	2015-11-13 14:06:30.197524+00	0		
304	183557	95	758	0	2015-11-13 14:06:30.197524+00	0		
305	183557	22	758	0	2015-11-13 14:06:30.197524+00	0		
306	183557	170	759	0	2015-11-13 20:39:07.865656+00	0		
307	183557	219	760	0	2015-11-13 20:46:26.738306+00	0		
309	183557	97	768	0	2016-03-09 09:00:50.749551+00	0		
310	183557	194	770	0	2016-06-03 18:50:13.147037+00	0		
311	183557	194	771	0	2016-06-03 19:01:43.7109+00	0		
481	183557	4555	365	0	2019-05-10 16:39:52.374328+00	0		
313	183557	202	775	0	2016-07-11 11:50:08.590807+00	0		
314	183557	30	779	0	2016-07-21 11:55:55.711132+00	0		
315	183557	153	781	0	2016-07-21 15:15:22.921063+00	0		
317	183557	153	783	0	2016-07-21 15:25:54.17725+00	0		
318	183557	153	784	0	2016-07-21 15:32:46.804153+00	0		
319	183557	153	785	0	2016-07-21 15:40:02.214418+00	0		
320	183557	153	786	0	2016-07-21 15:43:55.966908+00	0		
321	183557	153	787	0	2016-07-21 15:49:31.008998+00	0		
322	183557	153	788	0	2016-07-21 16:35:14.760156+00	0		
323	183557	153	789	0	2016-07-21 16:51:21.438479+00	0		
324	183557	153	790	0	2016-07-21 17:11:11.76178+00	0		
325	183557	153	791	0	2016-07-21 17:21:19.791049+00	0		
326	183557	153	792	0	2016-07-21 17:24:44.113071+00	0		
316	183557	153	782	0	2016-07-23 16:01:37.86445+00	0		
327	183557	81	793	0	2016-08-06 16:37:32.146557+00	0		
329	183557	160	800	0	2016-08-31 02:16:47.394958+00	0		
330	183557	202	800	0	2016-08-31 02:16:47.394958+00	0		
331	183557	57	800	0	2016-08-31 02:16:47.394958+00	0		
332	183557	160	801	0	2016-09-06 00:47:11.127819+00	0		
333	183557	202	801	0	2016-09-06 00:47:11.127819+00	0		
334	183557	72	801	0	2016-09-06 00:47:11.127819+00	0		
335	183557	117	801	0	2016-09-06 00:47:11.127819+00	0		
336	183557	123	801	0	2016-09-06 00:47:11.127819+00	0		
337	183557	20	801	0	2016-09-06 00:47:11.127819+00	0		
338	183557	194	262	0	2016-09-23 00:16:25.478412+00	0		
339	183557	194	803	0	2016-10-06 22:50:58.990164+00	0		
340	183557	81	808	0	2016-11-01 16:56:38.67901+00	0		
341	183557	142	809	0	2016-11-01 17:42:00.157637+00	0		
342	183557	156	812	0	2016-11-02 17:15:18.288432+00	0		
343	183557	23	812	0	2016-11-02 17:15:18.288432+00	0		
328	183557	81	795	0	2016-11-04 16:00:46.761584+00	0		
344	183557	55902	815	0	2016-11-10 16:37:23.279482+00	0		
592	183557	222	66	0	2022-03-14 12:29:22.940777+00	0	Appalachia	
346	183557	13158	818	0	2016-11-23 15:45:22.631123+00	0		
347	183557	653	823	0	2017-01-06 01:33:23.73701+00	0		
348	183557	254	824	0	2017-01-06 01:46:40.115527+00	0		
349	183557	53	824	0	2017-01-06 01:46:40.115527+00	0		
350	183557	190	824	0	2017-01-06 01:46:40.115527+00	0		
351	183557	53	825	0	2017-01-08 01:09:05.101774+00	0		
352	183557	254	825	0	2017-01-08 01:09:05.101774+00	0		
353	183557	190	825	0	2017-01-08 01:09:05.101774+00	0		
354	183557	190	826	0	2017-01-10 22:16:02.97451+00	0		
355	183557	254	826	0	2017-01-10 22:16:02.97451+00	0		
356	183557	53	826	0	2017-01-10 22:16:02.97451+00	0		
357	183557	53	827	0	2017-01-11 01:15:54.862228+00	0		
358	183557	254	827	0	2017-01-11 01:15:54.862228+00	0		
359	183557	190	827	0	2017-01-11 01:15:54.862228+00	0		
360	183557	190	828	0	2017-01-12 00:37:11.185852+00	0		
361	183557	254	828	0	2017-01-12 00:37:11.185852+00	0		
362	183557	53	828	0	2017-01-12 00:37:11.185852+00	0		
363	183557	99	829	0	2017-01-16 17:49:53.929475+00	0		
364	183557	53	830	0	2017-01-25 19:50:23.093503+00	0		
365	183557	254	830	0	2017-01-25 19:50:23.093503+00	0		
366	183557	84	834	0	2017-03-20 18:04:29.360283+00	0		
367	183557	432	837	0	2017-03-21 22:06:41.179137+00	0		
284	183557	112	495	0	2019-05-27 16:01:20.914356+00	0	Korea	
368	183557	81	838	0	2017-03-21 22:32:13.719353+00	0		
369	183557	432	839	0	2017-03-21 22:39:59.70077+00	0		
370	183557	105	840	0	2017-04-04 02:40:25.586278+00	0		
371	183557	653	842	0	2017-04-04 14:33:05.962693+00	0		
372	183557	73	843	0	2017-04-05 13:05:02.255534+00	0		
373	183557	432	844	0	2017-04-05 15:12:09.84141+00	0		
374	183557	1818	845	0	2017-04-05 20:53:40.692013+00	0		
375	183557	81	848	0	2017-04-08 21:42:09.159811+00	0		
376	183557	107	849	0	2017-04-09 10:48:16.38688+00	0		
377	183557	102	850	0	2017-04-09 14:32:38.522726+00	0		
379	183557	99	851	0	2017-04-09 17:48:27.960789+00	0		
380	183557	131	776	0	2017-04-18 22:30:26.666313+00	0		
381	183557	155	776	0	2017-04-18 22:30:26.666313+00	0		
382	183557	90	776	0	2017-04-18 22:30:26.666313+00	0		
383	183557	142	810	0	2017-05-02 13:53:31.782136+00	0		
384	183557	142	811	0	2017-05-02 13:55:40.17439+00	0		
385	183557	90	817	0	2017-05-03 17:10:25.466799+00	0		
386	183557	131	817	0	2017-05-03 17:10:25.466799+00	0		
387	183557	155	817	0	2017-05-03 17:10:25.466799+00	0		
388	183557	155	854	0	2017-05-03 22:06:20.693096+00	0		
389	183557	131	854	0	2017-05-03 22:06:20.693096+00	0		
390	183557	90	854	0	2017-05-03 22:06:20.693096+00	0		
392	183557	153	856	0	2017-05-09 22:13:15.035234+00	0		
393	183557	153	857	0	2017-05-10 18:24:36.94072+00	0		
394	183557	153	858	0	2017-05-10 18:28:14.508519+00	0		
395	183557	153	859	0	2017-05-10 21:41:47.756878+00	0		
396	183557	153	860	0	2017-05-10 22:38:25.648229+00	0		
397	183557	153	861	0	2017-05-11 14:39:23.062773+00	0		
398	183557	153	862	0	2017-05-11 17:47:21.519003+00	0		
399	183557	153	863	0	2017-05-24 13:31:43.578708+00	0		
400	183557	153	864	0	2017-05-25 09:32:19.4893+00	0		
401	183557	153	865	0	2017-05-25 14:24:31.830063+00	0		
402	183557	153	866	0	2017-05-25 14:53:42.395069+00	0		
403	183557	153	867	0	2017-05-25 16:28:03.219755+00	0		
404	183557	81	868	0	2017-07-30 19:17:03.870923+00	0		
405	183557	1818	869	0	2017-07-31 15:36:51.358304+00	0		
406	183557	1818	870	0	2017-08-01 21:28:24.806387+00	0		
407	183557	1818	871	0	2017-08-03 19:17:21.345778+00	0		
408	183557	67	872	0	2017-08-24 09:26:35.739324+00	0		
409	183557	249	876	0	2017-09-12 21:37:34.646339+00	0		
410	183557	118	876	0	2017-09-12 21:37:34.646339+00	0		
411	183557	108	876	0	2017-09-12 21:37:34.646339+00	0		
412	183557	204	876	0	2017-09-12 21:37:34.646339+00	0		
413	183557	102	876	0	2017-09-12 21:37:34.646339+00	0		
414	183557	193	877	0	2017-10-23 21:14:57.602808+00	0		
415	183557	3360	747	0	2017-10-25 12:57:20.624772+00	0		
416	183557	3360	880	0	2017-10-25 18:02:46.414958+00	0		
417	183557	3360	881	0	2017-10-25 18:29:38.079765+00	0		
418	183557	3360	882	0	2017-10-25 18:38:51.921481+00	0		
419	183557	273	57	0	2017-10-29 21:29:40.662834+00	0		
420	183557	142	885	0	2017-12-04 14:04:52.665184+00	0		
421	183557	113	887	0	2017-12-05 21:20:50.502253+00	0	Korea	
422	183557	112	887	0	2017-12-05 21:20:50.502253+00	0	Korea	
423	183557	107	890	0	2017-12-12 21:15:53.856419+00	0		
267	183557	112	267	0	2017-12-12 22:40:32.263871+00	0	Korea	
266	183557	113	267	0	2017-12-12 22:40:32.263871+00	0	Korea	
424	183557	44	891	0	2017-12-14 12:21:10.333888+00	0		
425	183557	185	892	0	2017-12-14 22:51:49.693576+00	0		
426	183557	79	892	0	2017-12-14 22:51:49.693576+00	0		
427	183557	117	893	0	2017-12-16 01:18:17.812491+00	0		
428	183557	105	895	0	2017-12-16 18:43:53.327542+00	0	Northern Italy	
429	183557	81	895	0	2017-12-16 18:43:53.327542+00	0		
430	183557	241	895	0	2017-12-16 18:43:53.327542+00	0	Central Europe	
432	183557	81	897	0	2018-02-03 18:27:16.46387+00	0		
433	183557	105	59	0	2018-02-04 16:11:40.260911+00	0		
434	183557	30	903	0	2018-03-07 20:16:45.945567+00	0		
435	183557	107	905	0	2018-03-08 19:18:20.255011+00	0		
436	183557	142	906	0	2018-03-15 00:02:02.026798+00	0		
437	183557	44	907	0	2018-03-15 00:21:48.057677+00	0		
438	183557	208	624	0	2018-03-15 10:04:01.852527+00	0		
439	183557	1826	909	0	2018-03-19 20:38:05.970938+00	0	Basque Country	
440	183557	254	910	0	2018-03-19 21:42:07.937028+00	0		
441	183557	53	910	0	2018-03-19 21:42:07.937028+00	0		
442	183557	100	365	0	2018-03-19 22:29:39.604798+00	0		
391	183557	1826	855	0	2018-03-28 14:35:57.254559+00	0	Basque Country	
378	183557	1826	847	0	2018-03-28 14:36:32.393879+00	0	Basque Country	
312	183557	1826	772	0	2018-03-28 14:53:07.647532+00	0	Basque Country	
443	183557	432	488	0	2018-04-05 00:57:14.219874+00	0		
444	183557	105	395	0	2018-04-16 18:12:34.618128+00	0	Italia	
446	183557	113	927	0	2018-06-05 12:48:36.235207+00	0	Korea	
447	183557	112	927	0	2018-06-05 12:48:36.235207+00	0	Korea	
451	183557	225	932	0	2018-06-15 00:10:18.091104+00	0		
452	183557	1	932	0	2018-06-15 00:15:55.195737+00	0		
450	183557	101	931	0	2018-06-29 10:59:27.291918+00	0	Persia	
453	183557	116065	934	0	2018-08-10 21:49:39.397341+00	0	Luray Caverns in Virginia, USA	
454	183557	131	936	0	2018-08-15 19:17:42.302289+00	0		
455	183557	60	937	0	2018-08-20 15:20:50.487505+00	0		
456	183557	1810	938	0	2018-08-20 22:40:15.554881+00	0		
457	183557	105	939	0	2018-08-26 13:23:27.497207+00	0		
458	183557	194	940	0	2018-08-26 14:30:56.739782+00	0		
459	183557	30	660	0	2018-08-26 14:59:57.208845+00	0		
460	183557	168	941	0	2018-08-26 20:19:46.846507+00	0		
461	183557	99	943	0	2018-09-18 12:03:16.703002+00	0		
462	183557	669	286	0	2019-01-07 15:37:03.020759+00	0		
463	183557	208	287	0	2019-01-07 15:49:08.711781+00	0		
464	183557	99	945	0	2019-01-15 23:57:08.883175+00	0		
465	183557	99	946	0	2019-01-23 23:36:48.709685+00	0		
466	183557	99	947	0	2019-01-24 00:06:16.252396+00	0		
467	183557	208	949	0	2019-01-31 12:02:29.52712+00	0		
468	183557	208	950	0	2019-01-31 13:14:13.582158+00	0		
469	183557	208	951	0	2019-01-31 17:36:08.843794+00	0		
470	183557	208	952	0	2019-01-31 21:39:23.240919+00	0		
471	183557	13	955	0	2019-02-04 22:16:49.32414+00	0		
472	183557	44	956	0	2019-02-05 19:41:14.560078+00	0		
473	183557	44	957	0	2019-02-05 21:33:43.274181+00	0		
474	183557	194	960	0	2019-02-27 17:30:43.4721+00	0		
475	183557	1818	960	0	2019-02-27 17:30:43.4721+00	0	Catalonia	
477	183557	2763	961	0	2019-03-08 20:50:24.27437+00	0		
478	183557	2763	962	0	2019-03-09 00:33:21.849926+00	0		
540	183557	115	543	0	2019-11-24 03:36:44.608318+00	0		
476	183557	4555	961	0	2019-11-11 17:07:42.462473+00	0		
541	183557	4561	1006	0	2019-12-02 22:04:07.019166+00	0	Sunda	
484	183557	4555	371	0	2019-05-10 18:02:31.595576+00	0		
544	183557	4561	1009	0	2019-12-02 22:21:01.764447+00	0	Sunda	
483	183557	4561	371	0	2019-10-01 21:47:03.382272+00	0	Sunda	
482	183557	2763	365	0	2019-10-22 08:31:03.00072+00	0		
217	183557	113	685	0	2019-05-27 15:47:59.539327+00	0	Korea	
487	183557	112	685	0	2019-05-27 15:47:59.539327+00	0	Korea	
292	183557	112	577	0	2019-05-27 15:59:57.849053+00	0	Korea	
293	183557	113	577	0	2019-05-27 15:59:57.849053+00	0	Korea	
283	183557	113	495	0	2019-05-27 16:01:20.914356+00	0	Korea	
218	183557	113	686	0	2019-05-27 16:02:35.46082+00	0	Korea	
488	183557	112	686	0	2019-05-27 16:02:35.46082+00	0	Korea	
216	183557	113	684	0	2019-05-27 16:03:15.745532+00	0	Korea	
489	183557	112	684	0	2019-05-27 16:03:15.745532+00	0	Korea	
494	183557	160	249	0	2019-07-31 09:58:32.078627+00	0		
495	183557	4555	973	0	2019-08-21 23:13:08.175684+00	0		
496	183557	2763	974	0	2019-08-25 20:19:14.817299+00	0	Sunda	
497	183557	4555	975	0	2019-08-30 18:43:16.122238+00	0		
498	183557	4555	976	0	2019-08-30 18:43:16.606744+00	0		
485	183557	4555	967	0	2019-09-02 17:41:46.173493+00	0		
499	183557	100	977	0	2019-09-03 14:48:22.143255+00	0		
500	183557	100	978	0	2019-09-09 17:12:50.737739+00	0		
501	183557	4555	979	0	2019-09-20 05:12:23.5762+00	0		
502	183557	4555	980	0	2019-09-20 05:17:19.518365+00	0		
503	183557	100	982	0	2019-09-30 21:09:25.054041+00	0		
504	183557	4555	982	0	2019-09-30 21:09:25.054041+00	0		
505	183557	4561	365	0	2019-10-01 21:39:12.712782+00	0	Sunda	
486	183557	2763	968	0	2019-10-02 12:45:23.409472+00	0	Sunda	
490	183557	2763	969	0	2019-10-02 12:45:23.409472+00	0	Sunda	
491	183557	2763	970	0	2019-10-02 12:45:23.409472+00	0	Sunda	
493	183557	2763	972	0	2019-10-02 12:45:23.409472+00	0	Sunda	
492	183557	2763	971	0	2019-10-02 12:45:23.409472+00	0	Sunda	
551	183557	1795	1020	0	2020-10-05 18:57:48.292423+00	0		
183	183557	68	370	0	2020-11-13 18:59:58.82551+00	0		
506	183557	162	716	0	2019-10-03 09:24:40.388599+00	0		
507	183557	214	455	0	2019-10-03 10:03:47.263804+00	0		
508	183557	2	455	0	2019-10-03 10:03:47.263804+00	0		
509	183557	27	455	0	2019-10-03 10:03:47.263804+00	0		
510	183557	84	455	0	2019-10-03 10:03:47.263804+00	0		
511	183557	2763	984	0	2019-10-07 13:21:03.28054+00	0		
512	183557	100	985	0	2019-10-13 13:18:28.37038+00	0		
513	183557	2763	986	0	2019-10-14 09:08:49.573546+00	0		
514	183557	2763	987	0	2019-10-14 09:09:20.005883+00	0		
515	183557	2763	988	0	2019-10-14 14:36:03.669053+00	0		
516	183557	100	989	0	2019-10-20 17:46:42.77885+00	0		
517	183557	2763	989	0	2019-10-20 17:46:42.77885+00	0		
518	183557	4555	989	0	2019-10-20 17:46:42.77885+00	0		
519	183557	4561	989	0	2019-10-20 17:46:42.77885+00	0	Sunda	
520	183557	2763	990	0	2019-10-20 22:20:32.275419+00	0		
523	183557	2763	991	0	2019-10-21 11:44:12.276957+00	0		
524	183557	2763	992	0	2019-10-21 16:48:08.441582+00	0		
526	183557	2763	993	0	2019-10-21 17:04:30.61837+00	0		
527	183557	4555	994	0	2019-10-21 17:09:11.018412+00	0		
528	183557	4555	995	0	2019-10-21 17:09:18.441671+00	0		
529	183557	4561	996	0	2019-10-22 10:56:02.49293+00	0	Sunda	
530	183557	4561	997	0	2019-10-22 10:57:58.842214+00	0	Sunda	
522	183557	4561	991	0	2019-10-24 14:00:32.830481+00	0	Sunda	kendhang katipung
521	183557	4561	990	0	2019-10-24 14:00:59.848175+00	0	Sunda	kendhang gedé
525	183557	4561	992	0	2019-10-24 14:01:23.816171+00	0	Sunda	kendhang ciblon
531	183557	2763	998	0	2019-11-04 15:25:08.177275+00	0		
532	183557	4561	999	0	2019-11-06 21:24:44.646147+00	0	Sunda	
533	183557	4561	1000	0	2019-11-06 21:55:35.760795+00	0	Sunda	
534	183557	4561	1001	0	2019-11-06 21:57:54.948256+00	0	Sunda	
535	183557	4561	1002	0	2019-11-06 22:01:31.266571+00	0	Sunda	
479	183557	4561	964	0	2019-12-02 21:58:15.750153+00	0	Sunda	
95	183557	4561	597	0	2019-12-02 22:00:36.569754+00	0	Sunda	
542	183557	4561	1007	0	2019-12-02 22:11:46.562701+00	0	Sunda	
545	183557	2763	1010	0	2019-12-02 22:36:36.829616+00	0		
546	183557	100	1011	0	2020-02-03 09:53:35.570629+00	0		
547	183557	99	1012	0	2020-02-26 22:39:04.071964+00	0		
548	183557	99	1013	0	2020-02-27 21:07:51.082691+00	0		
549	183557	99	1014	0	2020-03-16 17:55:15.410094+00	0		
550	183557	432	519	0	2020-03-26 15:58:18.249322+00	0		
553	183557	81	1030	0	2021-01-25 16:56:14.853763+00	0	Northern Germany	
555	183557	57	1030	0	2021-01-25 16:56:14.853763+00	0		
556	183557	1794	1030	0	2021-01-25 16:56:14.853763+00	0		
557	183557	682	1032	0	2021-02-08 18:19:30.898601+00	0		
558	183557	99	738	0	2021-06-01 18:00:58.225323+00	0	South India	
345	183557	99	816	0	2021-08-15 20:31:56.117396+00	0	North India	
559	183557	171	524	0	2021-11-02 14:12:13.795284+00	0		
593	183557	221	197	0	2022-03-15 16:31:23.503955+00	0		
554	183557	150	1030	0	2022-03-24 21:01:03.237021+00	0		
