15	199489	137	1406953	0	2014-11-17 22:51:42.449663+00	0		
3	199489	125	1387128	0	2014-11-17 22:48:24.3459+00	0		
2	199489	124	198948	0	2014-11-17 22:48:06.099088+00	0		
4	199489	126	1393236	0	2014-11-17 22:48:37.915715+00	0		
29	199489	1732	1470610	0	2014-12-14 14:56:21.367298+00	0		
5	199489	127	1388273	0	2014-11-17 22:48:54.507403+00	0		
17	199489	630	1319523	0	2014-11-18 10:32:46.952142+00	0		
6	199489	128	1388833	0	2014-11-17 22:49:12.054869+00	0		
28	199489	1250	1464849	0	2014-11-29 17:10:50.533357+00	0		
7	199489	129	1393174	0	2014-11-17 22:49:27.92757+00	0		
8	199489	130	1394683	0	2014-11-17 22:49:44.201481+00	0		
9	199489	131	1406436	0	2014-11-17 22:50:00.931297+00	0		
10	199489	132	1406435	0	2014-11-17 22:50:20.082339+00	0		
487	199489	37481	171240	0	2019-05-16 07:06:51.321455+00	0		
12	199489	134	1406560	0	2014-11-17 22:50:54.845951+00	0		
30	199489	1733	1470639	0	2014-12-14 17:15:32.425827+00	0		
31	199489	1963	1471782	0	2014-12-18 00:43:43.239885+00	0		
14	199489	136	1398222	0	2014-11-17 22:51:26.270588+00	0		
34	199489	2070	317870	0	2014-12-26 13:33:09.07302+00	0		
16	199489	629	1377639	0	2014-11-18 10:32:31.580438+00	0		
33	199489	1991	1467685	0	2014-12-19 21:55:10.02432+00	0		
18	199489	631	1317018	0	2014-11-18 10:33:01.886564+00	0		
19	199489	632	1260484	0	2014-11-18 10:33:17.031815+00	0		
20	199489	633	1339920	0	2014-11-18 10:33:32.150983+00	0		
21	199489	634	1360930	0	2014-11-18 10:33:48.057833+00	0		
22	199489	635	1379699	0	2014-11-18 10:34:03.549509+00	0		
23	199489	636	1344752	0	2014-11-18 10:34:18.759942+00	0		
35	199489	2195	1480342	0	2015-01-11 21:07:30.316112+00	0		
25	199489	693	1426176	0	2014-11-18 14:45:42.917142+00	0		
1	199489	668	1459806	0	2014-11-17 22:47:50.553581+00	0		
26	199489	715	1462240	0	2014-11-18 20:41:26.557986+00	0		
39	199489	2306	642797	0	2015-01-20 18:08:14.941207+00	0		
27	199489	853	1353776	0	2014-11-22 11:03:06.534231+00	0		
40	199489	2434	92682	0	2015-02-06 07:58:59.445749+00	0		
42	199489	2484	14266	0	2015-02-09 20:02:00.442323+00	0		
43	199489	2490	1467173	0	2015-02-14 02:29:34.446899+00	0		
44	199489	2512	1495212	0	2015-02-19 19:09:37.299128+00	0		
46	199489	3107	1502814	0	2015-03-12 12:53:05.174236+00	0		
51	199489	4067	1517299	0	2015-05-20 10:54:24.508978+00	0		
92	256215	5261	36576	0	2015-08-20 22:24:01.279134+00	0		
62	199489	5342	1501993	0	2015-07-25 08:45:53.932821+00	0		
53	199489	5196	336306	0	2015-07-01 10:11:37.305669+00	0		
52	199489	220	1537212	0	2015-06-19 02:36:43.117342+00	0		
55	199489	5202	1542398	0	2015-07-02 03:09:09.091901+00	0		
137	199489	8506	1584628	0	2015-11-15 13:49:50.347639+00	0		
343	199489	24699	1809150	0	2017-05-22 20:40:19.871722+00	0		
138	199489	8654	1591305	0	2015-11-21 13:16:07.195017+00	0		
768	256215	57706	2828599	0	2021-12-01 13:33:36.765384+00	0		
97	256215	5659	1049491	0	2015-08-20 23:03:14.28969+00	0		
99	199489	5789	1552412	0	2015-08-29 14:41:32.463128+00	0		
100	256215	5789	1552412	0	2015-08-29 14:41:32.463128+00	0		
13	199489	135	1452274	0	2014-11-17 22:51:10.755771+00	0		
83	256215	5503	1515612	0	2015-08-19 17:42:13.835842+00	0		
84	256215	5618	73729	0	2015-08-19 17:42:25.494716+00	0		
703	256215	52668	2688294	0	2021-05-26 04:26:21.741259+00	0		
111	199489	220	1564788	0	2015-09-09 17:04:16.580392+00	0		
134	256215	7772	1547259	0	2015-10-29 16:07:13.120845+00	0		
113	199489	219	1480044	0	2015-09-09 19:00:20.8077+00	0		
98	256215	5667	598416	0	2015-08-21 05:46:19.311181+00	0		
117	256215	7013	1441866	0	2015-09-30 17:39:18.580846+00	0		
118	256215	7014	1441866	0	2015-09-30 17:41:48.350099+00	0		
133	256215	7717	1579779	0	2015-10-21 22:37:08.225737+00	0		
135	256215	8049	1584920	0	2015-11-04 19:43:50.951023+00	0		
120	256215	6711	36576	0	2015-10-04 12:18:44.447218+00	0		
344	199489	24292	1809888	0	2017-05-23 20:05:17.389523+00	0		
136	199489	8472	1327203	0	2015-11-14 13:32:56.414253+00	0		
86	256215	5441	61976	0	2015-08-20 18:14:36.27375+00	0		
697	199489	51544	472007	0	2021-04-28 18:44:15.608433+00	0		
704	256215	52725	863845	0	2021-05-27 14:57:56.189907+00	0		
702	256215	51784	126110	0	2021-05-06 21:03:56.86651+00	0		
482	199489	37269	2117984	0	2019-04-12 20:26:28.202659+00	0		
139	256215	8771	1593201	0	2015-11-26 22:04:54.666378+00	0		
140	199489	9212	832765	0	2015-12-19 03:46:13.880688+00	0		
115	199489	6826	1507841	0	2015-09-22 17:21:27.561436+00	0		
116	199489	6846	1386667	0	2015-09-22 19:39:33.14085+00	0		
102	256215	5987	1327679	0	2015-09-05 19:57:35.469954+00	0		
103	199489	216	1564618	0	2015-09-09 05:49:56.824149+00	0		
104	199489	277	1386734	0	2015-09-09 07:35:21.033039+00	0		
105	199489	207	1560481	0	2015-09-09 07:57:24.980668+00	0		
108	199489	219	1564643	0	2015-09-09 10:50:14.71825+00	0		
123	256215	7107	61976	0	2015-10-04 12:49:14.634441+00	0		
141	256215	9417	1393764	0	2015-12-22 22:50:45.33656+00	0		
131	256215	7192	1574795	0	2015-10-09 07:00:47.641976+00	0		
128	256215	7177	1561352	0	2015-10-08 12:27:53.552386+00	0		
129	256215	7176	1560359	0	2015-10-08 12:28:40.364986+00	0		
142	199489	9874	1604026	0	2015-12-28 21:16:39.283818+00	0		
132	256215	7193	1570537	0	2015-10-09 10:48:50.425463+00	0		
144	199489	11436	1599259	0	2016-02-06 13:33:04.073791+00	0		
145	256215	11463	1441866	0	2016-02-07 20:40:34.515109+00	0		
146	256215	11474	315218	0	2016-02-07 21:47:35.584497+00	0		
147	256215	11477	315218	0	2016-02-07 21:54:31.479748+00	0		
148	256215	11720	885623	0	2016-02-13 14:58:33.511103+00	0		
149	199489	11725	1621668	0	2016-02-13 15:19:35.831265+00	0		
150	199489	3560	1393351	0	2016-03-03 21:32:21.841309+00	0		
151	199489	3554	1443206	0	2016-03-03 21:32:59.532975+00	0		
152	199489	3563	1409538	0	2016-03-03 21:33:40.526013+00	0		
153	199489	11890	1629597	0	2016-03-03 21:34:21.033053+00	0		
154	199489	7256	1521556	0	2016-03-03 21:38:29.112509+00	0		
155	199489	3610	1175440	0	2016-03-03 21:41:05.384233+00	0		
156	199489	3611	1152297	0	2016-03-03 21:43:02.732166+00	0		
157	199489	3596	1218866	0	2016-03-03 21:43:32.614555+00	0		
158	199489	3589	1340077	0	2016-03-03 21:44:20.755995+00	0		
159	199489	3582	1348720	0	2016-03-03 21:47:07.897852+00	0		
160	199489	3568	1377199	0	2016-03-03 21:47:54.33779+00	0		
161	199489	13094	1637454	0	2016-03-20 03:19:51.363035+00	0		
483	256215	37298	2146218	0	2019-04-13 22:23:54.799357+00	0		
11	199489	133	786733	0	2014-11-17 22:50:37.380487+00	0		
484	199489	37326	2091490	0	2019-04-17 04:16:13.263199+00	0		
485	199489	37357	1623785	0	2019-04-19 03:59:54.749069+00	0		
644	256215	43600	1754432	0	2020-06-18 15:18:09.219283+00	0		
163	199489	212	1658862	0	2016-05-16 11:51:22.55947+00	0		
164	199489	15190	947449	0	2016-06-03 21:15:40.585774+00	0		
165	256215	15377	349889	0	2016-06-14 13:16:50.570468+00	0		
41	199489	2435	66482	0	2015-02-06 09:09:48.307262+00	0		
167	256215	15377	58721	0	2016-06-14 13:16:50.570468+00	0		
168	199489	15387	1670427	0	2016-06-16 22:07:45.287695+00	0		
169	199489	15693	1090406	0	2016-06-26 11:30:30.187713+00	0		
170	199489	15818	1676389	0	2016-07-03 05:05:45.885828+00	0		
54	199489	5197	1345889	0	2015-07-01 10:24:02.161952+00	0		
171	256215	16237	315218	0	2016-07-10 16:32:11.983074+00	0		
172	256215	16238	315218	0	2016-07-10 16:32:27.908344+00	0		
173	256215	16241	315218	0	2016-07-10 16:46:52.092211+00	0		
174	256215	16242	315218	0	2016-07-10 16:46:55.190252+00	0		
175	256215	16243	315218	0	2016-07-10 16:53:46.637457+00	0		
176	256215	16244	315218	0	2016-07-10 16:54:26.705629+00	0		
177	256215	16245	315218	0	2016-07-10 16:55:04.656988+00	0		
178	256215	16246	315218	0	2016-07-10 17:02:53.804298+00	0		
179	256215	16247	1072459	0	2016-07-10 17:16:29.951104+00	0		
180	256215	16248	1072459	0	2016-07-10 17:16:30.586082+00	0		
181	256215	3677	586883	0	2016-07-10 17:31:44.626076+00	0		
183	256215	16250	1072459	0	2016-07-10 17:37:55.425403+00	0		
184	256215	16251	1072459	0	2016-07-10 17:37:55.545302+00	0		
185	256215	16252	1072459	0	2016-07-10 17:38:01.618218+00	0		
186	256215	16253	1072459	0	2016-07-10 17:45:21.981227+00	0		
187	256215	16254	1072459	0	2016-07-10 17:45:25.304312+00	0		
188	256215	16255	1072459	0	2016-07-10 17:45:25.751989+00	0		
189	256215	16256	1072459	0	2016-07-10 17:45:28.457109+00	0		
190	256215	16257	1072459	0	2016-07-10 17:45:34.529361+00	0		
645	256215	43613	2417348	0	2020-06-20 14:13:57.259882+00	0		
192	256215	16414	586883	0	2016-07-15 19:28:34.936799+00	0		
193	256215	16415	586883	0	2016-07-15 19:28:36.813373+00	0		
194	256215	16422	586883	0	2016-07-16 18:45:41.44361+00	0		
195	256215	16423	586883	0	2016-07-16 18:45:44.89857+00	0		
196	256215	16424	586883	0	2016-07-16 18:46:32.030751+00	0		
182	256215	16249	1072459	0	2016-07-10 17:37:55.039413+00	0		
197	256215	16568	1072459	0	2016-07-20 20:43:07.368213+00	0		
198	256215	16569	1072459	0	2016-07-20 20:43:11.72595+00	0		
199	256215	16696	315161	0	2016-07-24 17:30:53.210459+00	0		
200	256215	16697	315161	0	2016-07-24 17:31:21.400514+00	0		
201	256215	16698	315161	0	2016-07-24 17:32:57.877088+00	0		
202	256215	16699	315161	0	2016-07-24 17:33:22.443279+00	0		
203	256215	16700	315161	0	2016-07-24 17:33:37.064227+00	0		
204	256215	16701	315161	0	2016-07-24 17:40:09.133435+00	0		
205	256215	16702	315161	0	2016-07-24 17:40:13.025415+00	0		
206	256215	16703	315161	0	2016-07-24 17:40:17.080288+00	0		
207	256215	16704	315161	0	2016-07-24 17:40:17.77098+00	0		
208	256215	16705	315161	0	2016-07-24 17:40:17.933388+00	0		
209	256215	16706	315161	0	2016-07-24 17:40:20.525815+00	0		
490	199489	43047	369860	0	2019-05-16 07:08:47.897316+00	0		
489	199489	43014	369860	0	2019-05-16 07:08:47.897316+00	0		
212	199489	16882	927625	0	2016-08-01 11:29:53.97403+00	0		
213	199489	9972	1689149	0	2016-08-12 13:50:21.899484+00	0		
214	256215	17270	181265	0	2016-08-13 11:32:48.533087+00	0		
215	256215	17271	181265	0	2016-08-13 11:33:23.269346+00	0		
216	256215	17272	181265	0	2016-08-13 11:36:43.699567+00	0		
217	256215	17273	181265	0	2016-08-13 11:37:45.455645+00	0		
218	256215	17274	181265	0	2016-08-13 11:39:14.046995+00	0		
219	256215	17275	181265	0	2016-08-13 11:42:54.994178+00	0		
220	256215	17276	181265	0	2016-08-13 11:47:59.299752+00	0		
221	256215	17277	181265	0	2016-08-13 11:48:23.155574+00	0		
222	256215	17278	181265	0	2016-08-13 12:03:00.412102+00	0		
223	199489	9972	1690590	0	2016-08-17 13:33:47.46954+00	0		
224	256215	17389	770462	0	2016-08-21 14:19:13.947684+00	0		
226	256215	17673	1694799	0	2016-08-28 23:47:38.819069+00	0		
227	256215	17721	1696383	0	2016-09-02 19:21:28.650154+00	0		
228	199489	18008	1022049	0	2016-09-11 01:51:15.659936+00	0		
229	256215	18088	1700758	0	2016-09-14 08:16:28.152511+00	0		
663	199489	45548	1093119	0	2020-09-03 06:55:22.657243+00	0		
231	199489	18693	1713753	0	2016-10-17 12:59:49.017771+00	0		
232	256215	18694	181265	0	2016-10-17 17:52:12.300295+00	0		
233	256215	18695	181265	0	2016-10-17 17:54:05.699751+00	0		
234	256215	18696	770462	0	2016-10-17 18:08:12.930675+00	0		
235	256215	18697	770462	0	2016-10-17 18:08:15.624447+00	0		
237	256215	18699	770462	0	2016-10-17 18:12:22.141691+00	0		
238	256215	18700	770462	0	2016-10-17 18:12:49.348803+00	0		
239	256215	18701	770462	0	2016-10-17 18:13:29.105873+00	0		
236	256215	18698	770462	0	2016-10-17 18:11:52.214857+00	0		
240	256215	18702	770462	0	2016-10-17 18:17:00.97441+00	0		
241	256215	18703	770462	0	2016-10-17 18:18:00.064636+00	0		
242	256215	18704	770462	0	2016-10-17 18:19:24.497342+00	0		
243	256215	18811	36576	0	2016-10-20 19:32:21.317474+00	0		
245	199489	18860	1716027	0	2016-10-22 23:08:59.736659+00	0		
246	199489	17943	1704769	0	2016-10-23 04:12:35.124502+00	0		
247	199489	18936	1714926	0	2016-10-26 07:39:22.702425+00	0		
488	199489	37575	369860	0	2019-05-16 07:08:47.897316+00	0		
698	199489	51545	472007	0	2021-04-28 18:51:32.637029+00	0		
713	199489	29780	2697842	0	2021-06-09 10:56:20.096276+00	0		
491	199489	37999	2167082	0	2019-05-28 07:28:58.178091+00	0		
248	256215	19197	1561689	0	2016-11-13 21:21:57.987475+00	0		
264	256215	6778	73896	0	2017-02-16 17:38:47.727365+00	0		
250	199489	19711	1735144	0	2016-12-10 23:14:52.752623+00	0		
345	256215	24791	1811107	0	2017-05-26 19:21:21.955637+00	0		
276	256215	21752	466321	0	2017-02-23 07:42:37.792962+00	0		
253	199489	9972	1743195	0	2016-12-29 18:52:17.466917+00	0		
254	199489	19939	1743577	0	2016-12-30 16:43:50.811831+00	0		
255	256215	18153	1743689	0	2016-12-30 22:07:58.703397+00	0		
256	256215	20062	1310420	0	2017-01-06 20:38:45.733731+00	0		
257	256215	20063	1746976	0	2017-01-06 20:41:07.645011+00	0		
258	256215	20064	1746991	0	2017-01-06 21:08:13.978028+00	0		
259	256215	20163	1036517	0	2017-01-11 07:01:18.686645+00	0		
260	256215	20251	1751195	0	2017-01-14 21:25:49.309862+00	0		
261	256215	20914	1762380	0	2017-02-04 19:08:53.765783+00	0		
262	256215	21112	96262	0	2017-02-09 17:43:34.524602+00	0		
263	256215	21203	1766311	0	2017-02-13 12:10:26.580108+00	0		
251	256215	19873	81660	0	2016-12-24 09:07:38.850706+00	0		
265	256215	21501	1768345	0	2017-02-17 14:16:36.70183+00	0		
705	199489	38214	2689804	0	2021-05-28 13:48:36.289434+00	0		
289	256215	21887	34539	0	2017-02-25 13:05:42.470669+00	0		
502	199489	30833	2224659	0	2019-09-09 02:20:09.583328+00	0		
503	199489	39458	2225461	0	2019-09-10 07:59:54.397989+00	0		
506	256215	39638	1577862	0	2019-09-20 14:50:17.693006+00	0		
507	256215	39645	2232382	0	2019-09-22 01:23:40.013155+00	0		
509	256215	39732	22749	0	2019-09-28 18:05:25.254567+00	0		
510	256215	39732	1689373	0	2019-09-28 18:05:25.254567+00	0		
277	256215	21753	349575	0	2017-02-23 07:58:44.844506+00	0		
285	256215	21881	19814	0	2017-02-25 09:38:27.253544+00	0		
829	256215	29765	244647	0	2022-03-15 17:59:16.315556+00	0		
284	256215	21874	36576	0	2017-02-24 19:15:43.161857+00	0		
288	256215	21886	34539	0	2017-02-25 13:01:58.406969+00	0		
287	256215	21882	34539	0	2017-02-25 11:26:19.91054+00	0		
286	256215	21880	34539	0	2017-02-25 10:50:22.509975+00	0		
283	256215	21873	34539	0	2017-02-24 19:13:33.934719+00	0		
281	256215	21863	34539	0	2017-02-24 18:16:40.587489+00	0		
279	256215	21861	34539	0	2017-02-24 15:54:37.813002+00	0		
278	256215	21858	34539	0	2017-02-24 13:11:02.615977+00	0		
511	256215	39735	470156	0	2019-09-28 20:50:21.991022+00	0		
275	256215	21636	58620	0	2017-02-21 08:05:25.25744+00	0		
671	199489	37455	2506621	0	2020-10-23 23:27:26.197159+00	0		
410	256215	30034	1908748	0	2018-01-05 09:46:37.340012+00	0		
492	199489	38536	565505	0	2019-07-03 08:43:16.696148+00	0		
493	256215	36081	2194570	0	2019-07-11 10:05:19.947633+00	0		
293	199489	22013	1774169	0	2017-03-01 22:04:40.536073+00	0		
346	199489	25018	1456233	0	2017-06-07 10:56:52.319609+00	0		
400	256215	29663	1113078	0	2017-12-13 13:34:23.432807+00	0		
393	199489	28869	1880075	0	2017-11-03 18:32:49.763157+00	0		
295	256215	22190	36576	0	2017-03-07 15:49:12.071033+00	0		
699	199489	51546	472007	0	2021-04-28 18:58:06.982877+00	0		
494	199489	38636	2196226	0	2019-07-13 14:23:49.842193+00	0		
495	199489	38637	2196384	0	2019-07-13 19:24:49.078399+00	0		
706	199489	37455	2689833	0	2021-05-28 14:26:02.653908+00	0		
300	256215	22207	36576	0	2017-03-08 08:22:52.701825+00	0		
302	256215	22210	36576	0	2017-03-08 08:37:07.530257+00	0		
707	199489	41010	2689937	0	2021-05-28 17:59:16.953421+00	0		
708	199489	37455	2689973	0	2021-05-28 18:50:08.98906+00	0		
497	256215	38866	2204546	0	2019-07-30 21:32:04.178933+00	0		
267	256215	21546	1148695	0	2017-02-18 06:20:35.944864+00	0		
306	256215	653	1779725	0	2017-03-14 14:39:39.388083+00	0		
307	256215	22605	586883	0	2017-03-18 19:15:31.031501+00	0		
308	256215	22606	586883	0	2017-03-18 19:17:15.150772+00	0		
309	256215	22607	586883	0	2017-03-18 19:18:07.588277+00	0		
310	256215	22611	586883	0	2017-03-18 19:30:50.480079+00	0		
311	256215	22612	586883	0	2017-03-18 19:30:53.006982+00	0		
312	256215	22981	129815	0	2017-03-30 19:36:39.246229+00	0		
313	256215	22980	1266256	0	2017-03-30 19:42:35.405343+00	0		
348	256215	25304	151433	0	2017-06-15 18:39:43.877236+00	0		
314	256215	22984	1786794	0	2017-03-30 20:53:30.082329+00	0		
315	256215	23103	499921	0	2017-04-01 00:38:34.356502+00	0		
317	256215	23145	1787695	0	2017-04-02 16:16:41.772512+00	0		
318	256215	23153	1788106	0	2017-04-02 23:17:00.888153+00	0		
319	256215	23207	1253847	0	2017-04-05 00:41:20.414948+00	0		
320	256215	23326	586883	0	2017-04-11 14:56:32.399896+00	0		
321	256215	23327	586883	0	2017-04-11 14:56:33.199706+00	0		
322	256215	23328	586883	0	2017-04-11 14:56:33.980262+00	0		
323	256215	23329	586883	0	2017-04-11 14:56:34.818416+00	0		
324	256215	23330	586883	0	2017-04-11 14:56:37.445866+00	0		
325	256215	23331	586883	0	2017-04-11 14:56:40.616939+00	0		
326	256215	23393	151433	0	2017-04-12 20:24:07.34827+00	0		
327	256215	23394	151433	0	2017-04-12 20:28:42.624918+00	0		
328	256215	23395	151433	0	2017-04-12 20:29:14.016538+00	0		
329	256215	23396	151433	0	2017-04-12 20:30:53.060883+00	0		
330	256215	23397	151433	0	2017-04-12 20:31:19.92808+00	0		
331	256215	23398	151433	0	2017-04-12 20:32:42.906473+00	0		
332	256215	23399	151433	0	2017-04-12 20:33:16.367965+00	0		
333	256215	23400	151433	0	2017-04-12 20:37:04.104864+00	0		
334	256215	23401	151433	0	2017-04-12 20:39:05.654271+00	0		
335	199489	23511	67627	0	2017-04-17 10:35:10.222406+00	0		
336	199489	23701	1796614	0	2017-04-22 05:45:25.269463+00	0		
338	199489	20467	1797960	0	2017-04-25 03:18:03.329196+00	0		
339	256215	23844	1798830	0	2017-04-27 16:41:13.224566+00	0		
340	256215	22825	1800311	0	2017-05-01 08:53:21.043582+00	0		
498	256215	38982	2206127	0	2019-08-03 11:20:33.40098+00	0		
316	256215	23104	1787342	0	2017-04-01 03:13:46.433833+00	0		
342	199489	24294	1802334	0	2017-05-05 22:55:07.977786+00	0		
349	256215	26158	1839133	0	2017-08-04 06:14:07.463329+00	0		
350	256215	26362	1132884	0	2017-08-14 15:59:48.994617+00	0		
351	199489	26375	257151	0	2017-08-16 01:08:05.29668+00	0		
352	199489	26376	257151	0	2017-08-16 01:10:23.901649+00	0		
353	199489	12242	1846936	0	2017-08-24 01:59:24.897979+00	0		
354	199489	26658	1847735	0	2017-08-26 01:26:16.401645+00	0		
355	199489	26664	1823537	0	2017-08-26 01:53:13.970433+00	0		
356	199489	27040	1848714	0	2017-09-02 14:59:31.331771+00	0		
357	256215	27041	601593	0	2017-09-02 16:22:21.478045+00	0		
358	256215	27043	707708	0	2017-09-02 18:46:03.537504+00	0		
359	256215	27045	200474	0	2017-09-02 19:26:40.649087+00	0		
360	256215	27046	601582	0	2017-09-02 20:03:52.423962+00	0		
361	256215	27047	601591	0	2017-09-02 20:33:51.922448+00	0		
362	256215	27049	313876	0	2017-09-02 21:33:08.882916+00	0		
363	256215	27050	313876	0	2017-09-02 21:34:50.748297+00	0		
398	256215	29484	1894143	0	2017-12-03 12:52:19.267143+00	0		
365	256215	27052	313876	0	2017-09-02 21:45:01.510263+00	0		
364	256215	27051	313876	0	2017-09-02 21:43:38.253114+00	0		
366	256215	27053	313876	0	2017-09-02 21:47:28.13696+00	0		
367	256215	27054	313876	0	2017-09-02 21:47:54.115524+00	0		
368	256215	27055	313876	0	2017-09-02 21:56:45.343621+00	0		
369	256215	27056	313876	0	2017-09-02 22:04:29.185588+00	0		
370	256215	27057	313876	0	2017-09-02 22:04:52.315021+00	0		
371	256215	27058	313876	0	2017-09-02 22:09:06.749972+00	0		
372	199489	27754	1805319	0	2017-09-23 07:46:10.096401+00	0		
500	256215	39294	2216865	0	2019-08-25 23:23:08.074492+00	0		
402	199489	12242	1905713	0	2017-12-29 05:55:55.617196+00	0		
405	199489	214	1332942	0	2017-12-29 06:32:59.764719+00	0		
380	199489	27794	1764656	0	2017-09-25 05:15:21.761152+00	0		
381	199489	27795	1764656	0	2017-09-25 05:22:19.910986+00	0		
382	256215	28057	313876	0	2017-10-07 13:27:34.062942+00	0		
383	256215	28058	313876	0	2017-10-07 13:27:38.478079+00	0		
384	256215	28059	313876	0	2017-10-07 13:27:39.057491+00	0		
385	199489	28533	1237444	0	2017-10-24 21:47:57.004247+00	0		
386	256215	28533	1237444	0	2017-10-24 21:47:57.004247+00	0		
394	256215	29010	349578	0	2017-11-08 00:37:55.535661+00	0		
407	199489	204	1300803	0	2017-12-29 06:36:15.79744+00	0		
408	199489	199	1300801	0	2017-12-29 06:37:29.064594+00	0		
409	199489	14340	1907233	0	2018-01-01 17:37:49.780612+00	0		
403	199489	205	1853306	0	2017-12-29 05:57:50.323116+00	0		
406	199489	205	1299573	0	2017-12-29 06:35:27.60946+00	0		
388	199489	28696	1238241	0	2017-10-31 07:51:18.95372+00	0		
389	256215	28868	77605	0	2017-11-03 18:30:18.905527+00	0		
390	256215	28868	131836	0	2017-11-03 18:30:18.905527+00	0		
391	256215	28868	104532	0	2017-11-03 18:30:18.905527+00	0		
392	256215	28868	80160	0	2017-11-03 18:30:18.905527+00	0		
395	256215	29011	1758448	0	2017-11-08 01:16:46.712008+00	0		
401	199489	9972	1897686	0	2017-12-28 08:29:54.009851+00	0		
397	256215	29274	1887957	0	2017-11-19 22:05:37.436712+00	0		
396	256215	29248	1818369	0	2017-11-17 23:48:47.874841+00	0		
411	256215	30091	1731456	0	2018-01-11 17:44:17.338081+00	0		
399	199489	29623	1888763	0	2017-12-10 06:28:56.057519+00	0		
496	199489	38804	2200244	0	2019-07-21 12:05:56.615162+00	0		
415	256215	30937	32277	0	2018-02-12 11:41:44.846051+00	0		
680	256215	48109	654568	0	2021-01-09 16:39:25.731223+00	0		
412	256215	21118	1914256	0	2018-01-17 10:05:57.79968+00	0		
417	256215	31019	1481064	0	2018-02-22 20:11:04.216082+00	0		
416	256215	30973	1591528	0	2018-02-15 12:49:58.889288+00	0		
387	256215	28549	886512	0	2017-10-25 19:35:09.537036+00	0		
418	256215	31029	1930744	0	2018-02-23 10:08:37.213639+00	0		
419	256215	31349	1869534	0	2018-03-15 19:31:27.627798+00	0		
420	199489	31538	1927174	0	2018-03-25 20:24:20.761227+00	0		
421	199489	31545	1946181	0	2018-03-25 23:57:22.86003+00	0		
422	199489	12242	1952896	0	2018-04-07 13:35:06.146847+00	0		
499	199489	38983	2206127	0	2019-08-03 11:27:35.734002+00	0		
427	199489	13580	1965518	0	2018-05-03 07:37:49.399268+00	0		
426	199489	30833	1965517	0	2018-05-03 07:10:30.705096+00	0		
501	199489	35959	2217158	0	2019-08-26 17:09:28.380394+00	0		
424	256215	31695	1947362	0	2018-04-08 03:22:39.530827+00	0		
508	256215	39646	2232382	0	2019-09-22 01:29:57.702125+00	0		
512	256215	39792	79572	0	2019-10-07 21:02:22.227564+00	0		
513	256215	39792	58940	0	2019-10-07 21:02:22.227564+00	0		
428	199489	32853	1995517	0	2018-07-01 09:57:57.135982+00	0		
429	199489	33098	1756341	0	2018-07-09 02:00:23.118441+00	0		
430	199489	33099	1756341	0	2018-07-09 02:03:47.425959+00	0		
431	199489	33108	1999946	0	2018-07-09 05:45:24.361886+00	0		
432	199489	33111	1999946	0	2018-07-09 06:05:33.214343+00	0		
433	199489	33212	2001938	0	2018-07-12 14:14:58.772617+00	0		
434	256215	32315	1384808	0	2018-08-05 19:09:39.887882+00	0		
435	256215	32316	1384808	0	2018-08-05 19:10:00.482077+00	0		
436	199489	33615	2019797	0	2018-08-19 09:06:34.249127+00	0		
437	199489	33620	2017232	0	2018-08-19 09:42:45.07262+00	0		
438	199489	33625	1798080	0	2018-08-19 19:51:47.156907+00	0		
439	199489	33845	2024098	0	2018-08-28 09:56:45.672825+00	0		
514	256215	39792	623693	0	2019-10-07 21:02:22.227564+00	0		
515	256215	39792	70535	0	2019-10-07 21:02:22.227564+00	0		
516	256215	39792	506177	0	2019-10-07 21:02:22.227564+00	0		
517	256215	39792	62939	0	2019-10-07 21:02:22.227564+00	0		
444	199489	33954	1981366	0	2018-09-10 20:51:18.58096+00	0		
445	199489	33967	2032284	0	2018-09-16 00:06:31.343+00	0		
446	199489	33976	2032542	0	2018-09-16 17:17:20.852862+00	0		
518	256215	39792	53564	0	2019-10-07 21:02:22.227564+00	0		
519	256215	39792	80612	0	2019-10-07 21:02:22.227564+00	0		
520	256215	39792	1337862	0	2019-10-07 21:02:22.227564+00	0		
447	256215	34187	2041568	0	2018-10-05 22:13:52.539898+00	0		
770	256215	57707	2828599	0	2021-12-01 13:35:16.152899+00	0		
772	256215	57710	2828599	0	2021-12-01 13:37:04.83612+00	0		
773	256215	57711	2828599	0	2021-12-01 13:37:40.204464+00	0		
775	256215	57713	2828599	0	2021-12-01 13:38:29.22643+00	0		
452	199489	34453	2050774	0	2018-10-24 19:27:13.640841+00	0		
453	199489	34454	2050774	0	2018-10-24 19:28:56.898297+00	0		
830	256215	29765	1646388	0	2022-03-15 17:59:51.756196+00	0		
648	256215	43901	2422303	0	2020-06-30 12:20:01.499593+00	0		
672	256215	13573	1606962	0	2020-11-02 06:47:19.633062+00	0		
85	256215	620	3600	0	2015-08-20 08:04:08.6304+00	0		
676	199489	42294	1257889	0	2020-11-22 14:29:52.352549+00	0		
521	256215	39792	187699	0	2019-10-07 21:02:22.227564+00	0		
522	256215	39792	424992	0	2019-10-07 21:02:22.227564+00	0		
341	256215	24134	34539	0	2017-05-03 06:03:15.451784+00	0		
305	256215	22229	34539	0	2017-03-08 12:39:45.41779+00	0		
301	256215	22209	34539	0	2017-03-08 08:32:05.101066+00	0		
298	256215	11565	34539	0	2017-03-08 07:43:46.556859+00	0		
297	256215	22194	34539	0	2017-03-07 19:37:01.988934+00	0		
292	256215	21891	34539	0	2017-02-25 13:16:01.321349+00	0		
291	256215	21890	34539	0	2017-02-25 13:12:46.11645+00	0		
290	256215	21888	34539	0	2017-02-25 13:08:20.56639+00	0		
91	256215	5260	34539	0	2015-08-20 22:22:38.690654+00	0		
94	256215	5540	34539	0	2015-08-20 22:30:23.853524+00	0		
95	256215	5655	34539	0	2015-08-20 22:42:12.353668+00	0		
121	256215	7105	34539	0	2015-10-04 12:36:31.208476+00	0		
87	256215	5651	34539	0	2015-08-20 21:29:46.966644+00	0		
122	256215	7106	34539	0	2015-10-04 12:41:12.097912+00	0		
101	256215	5982	34539	0	2015-09-05 10:47:51.079645+00	0		
244	256215	18811	34539	0	2016-10-20 19:32:21.317474+00	0		
458	256215	34940	200562	0	2018-11-13 13:18:14.075313+00	0		
457	199489	32466	1980064	0	2018-11-11 10:51:50.34448+00	0		
456	199489	32466	2058954	0	2018-11-11 10:51:50.34448+00	0		
459	199489	35140	2064746	0	2018-11-23 07:48:27.112347+00	0		
460	199489	35140	2064747	0	2018-11-23 07:48:27.112347+00	0		
461	199489	35597	2073473	0	2018-12-09 16:00:03.30054+00	0		
462	199489	35769	1942663	0	2018-12-20 00:56:57.928209+00	0		
463	256215	35757	2048970	0	2018-12-29 06:28:59.594314+00	0		
464	199489	36032	2088584	0	2019-01-10 14:26:53.276909+00	0		
465	256215	36134	620917	0	2019-01-18 23:40:09.56278+00	0		
466	199489	36276	2097073	0	2019-01-25 14:37:08.475829+00	0		
467	256215	36276	2097073	0	2019-01-25 14:39:07.016021+00	0		
468	256215	36354	2099096	0	2019-01-29 13:52:23.046975+00	0		
523	256215	39792	139848	0	2019-10-07 21:02:22.227564+00	0		
524	256215	39792	479312	0	2019-10-07 21:02:22.227564+00	0		
525	199489	37838	2247968	0	2019-10-19 14:26:54.90882+00	0		
526	199489	29780	2248251	0	2019-10-20 01:48:22.912712+00	0		
470	199489	36511	2105286	0	2019-02-08 10:17:02.390869+00	0		
471	256215	36512	2105286	0	2019-02-08 10:21:58.685108+00	0		
472	199489	36789	2078252	0	2019-03-05 08:28:42.538336+00	0		
473	199489	196	2126254	0	2019-03-11 23:30:07.951992+00	0		
474	199489	219	2126265	0	2019-03-11 23:52:57.098289+00	0		
527	199489	38214	2252334	0	2019-10-27 00:09:17.363287+00	0		
528	199489	39898	2192949	0	2019-10-28 05:23:48.659758+00	0		
476	256215	10273	30140	0	2019-03-13 11:21:41.046645+00	0		
477	256215	3401	843058	0	2019-04-01 22:47:20.122974+00	0		
478	256215	3401	1641296	0	2019-04-01 22:48:59.227371+00	0		
479	256215	3401	792616	0	2019-04-01 22:50:21.450942+00	0		
480	256215	3401	136192	0	2019-04-01 22:53:18.302671+00	0		
481	256215	3401	1488819	0	2019-04-01 22:54:57.251599+00	0		
700	199489	51547	472007	0	2021-04-28 19:02:37.5624+00	0		
709	199489	40038	2689988	0	2021-05-28 19:21:32.638758+00	0		
96	256215	5656	19814	0	2015-08-20 22:49:01.145404+00	0		
716	256215	53310	2610621	0	2021-06-24 08:49:24.67022+00	0		
529	199489	30834	2275136	0	2019-12-05 22:19:06.558925+00	0		
530	199489	40885	2279777	0	2019-12-14 12:51:26.063782+00	0		
531	199489	20294	2294376	0	2020-01-07 20:01:19.831307+00	0		
532	256215	38186	2298326	0	2020-01-14 22:30:04.389462+00	0		
533	256215	38187	2298326	0	2020-01-14 22:30:04.389462+00	0		
534	256215	38188	2298326	0	2020-01-14 22:30:04.389462+00	0		
679	256215	48109	223362	0	2021-01-09 16:39:25.731223+00	0		
536	256215	41501	2308166	0	2020-02-01 16:06:00.611115+00	0		
538	256215	41699	61976	0	2020-02-11 13:31:00.072502+00	0		
537	256215	41657	2313040	0	2020-02-08 23:45:48.822762+00	0		
505	256215	39637	2012611	0	2019-09-20 13:26:50.813101+00	0		
539	199489	213	2315846	0	2020-02-13 23:18:38.210452+00	0		
540	256215	41976	1736528	0	2020-02-27 19:07:35.708836+00	0		
542	199489	41010	2329232	0	2020-03-03 21:22:25.96716+00	0		
543	256215	42194	1526059	0	2020-03-13 17:09:45.572651+00	0		
544	199489	42206	302256	0	2020-03-14 13:04:16.79922+00	0		
545	256215	42213	1526063	0	2020-03-15 08:44:08.641108+00	0		
166	256215	15377	504690	0	2016-06-14 13:16:50.570468+00	0		
546	256215	41984	1495696	0	2020-03-15 13:13:24.454883+00	0		
547	256215	42219	872702	0	2020-03-15 13:14:30.393+00	0		
548	256215	42233	2291066	0	2020-03-16 11:04:59.21084+00	0		
549	256215	42193	830859	0	2020-03-16 14:22:40.654291+00	0		
677	256215	1489	701904	0	2020-11-26 17:00:10.617378+00	0		
550	256215	42261	1582050	0	2020-03-16 14:55:10.478677+00	0		
551	199489	42263	867076	0	2020-03-16 23:40:56.617511+00	0		
552	256215	42271	1796481	0	2020-03-17 20:47:09.022749+00	0		
553	199489	41010	2341227	0	2020-03-18 17:24:21.499386+00	0		
554	256215	42295	1254141	0	2020-03-19 01:48:55.104+00	0		
555	256215	42298	1096472	0	2020-03-19 09:33:06.356776+00	0		
556	199489	40038	2344656	0	2020-03-22 18:14:17.706459+00	0		
557	199489	40038	2344679	0	2020-03-22 18:32:44.053047+00	0		
558	199489	40038	2344710	0	2020-03-22 18:51:21.532734+00	0		
559	199489	40038	2345135	0	2020-03-23 10:43:45.794508+00	0		
560	199489	40447	2345161	0	2020-03-23 11:40:59.775008+00	0		
561	199489	40038	2345167	0	2020-03-23 11:53:24.005206+00	0		
562	199489	40038	2345170	0	2020-03-23 12:05:14.843862+00	0		
563	199489	41010	2345182	0	2020-03-23 12:34:49.036734+00	0		
564	199489	41010	2345233	0	2020-03-23 13:43:30.854322+00	0		
565	199489	41010	2345253	0	2020-03-23 14:11:40.58381+00	0		
649	256215	43956	1355387	0	2020-07-04 21:12:08.02934+00	0		
567	199489	37455	2345561	0	2020-03-23 23:41:19.711423+00	0		
568	199489	41010	2345575	0	2020-03-24 00:31:42.738157+00	0		
569	199489	41010	2345885	0	2020-03-24 13:07:51.880458+00	0		
570	199489	41010	2345908	0	2020-03-24 13:35:00.459539+00	0		
571	199489	41010	2345951	0	2020-03-24 14:59:16.343045+00	0		
572	199489	41010	2345987	0	2020-03-24 15:59:32.886326+00	0		
573	199489	41010	2345995	0	2020-03-24 16:03:59.233792+00	0		
574	199489	41010	2346108	0	2020-03-24 17:39:58.206569+00	0		
575	199489	41010	2346141	0	2020-03-24 18:18:31.108259+00	0		
576	199489	41010	2346336	0	2020-03-24 21:22:13.795099+00	0		
577	199489	41010	2346361	0	2020-03-24 22:01:14.528632+00	0		
578	199489	41010	2346366	0	2020-03-24 22:11:48.526854+00	0		
579	199489	41010	2346383	0	2020-03-24 22:38:37.44535+00	0		
580	199489	41010	2346656	0	2020-03-25 09:13:12.131018+00	0		
581	199489	41010	2346660	0	2020-03-25 09:41:22.738621+00	0		
582	199489	41010	2346679	0	2020-03-25 09:58:53.087991+00	0		
583	199489	41010	2346710	0	2020-03-25 10:41:39.961157+00	0		
584	199489	42028	2348498	0	2020-03-27 12:46:32.074489+00	0		
585	199489	42028	2348514	0	2020-03-27 13:12:50.859496+00	0		
586	199489	42028	2348525	0	2020-03-27 13:30:31.134442+00	0		
587	199489	42028	2348535	0	2020-03-27 13:43:03.642084+00	0		
588	199489	42028	2348557	0	2020-03-27 13:53:13.538705+00	0		
589	199489	42028	2348749	0	2020-03-27 16:20:15.889126+00	0		
590	199489	42028	2348763	0	2020-03-27 16:32:17.033618+00	0		
591	199489	42028	2348771	0	2020-03-27 17:28:30.261444+00	0		
592	199489	41010	2348815	0	2020-03-27 17:50:19.524881+00	0		
593	199489	42028	2348829	0	2020-03-27 18:02:04.374958+00	0		
594	199489	42028	2348838	0	2020-03-27 18:17:17.53888+00	0		
595	199489	41010	2348845	0	2020-03-27 18:47:05.658768+00	0		
596	199489	42028	2339058	0	2020-03-27 20:04:40.419626+00	0		
597	199489	42406	1436006	0	2020-03-27 20:44:26.947092+00	0		
598	256215	42406	2348985	0	2020-03-27 20:45:38.549689+00	0		
599	199489	42028	2350718	0	2020-03-29 11:34:06.807346+00	0		
600	199489	42028	2350757	0	2020-03-29 13:56:24.005071+00	0		
601	199489	42028	2350953	0	2020-03-29 14:33:50.535758+00	0		
602	199489	42028	2350998	0	2020-03-29 15:11:19.944615+00	0		
603	199489	42028	2351021	0	2020-03-29 15:29:27.621835+00	0		
604	199489	42028	2351055	0	2020-03-29 15:45:19.260617+00	0		
605	199489	42028	2351064	0	2020-03-29 15:56:02.947295+00	0		
606	199489	42028	2351133	0	2020-03-29 17:09:34.508194+00	0		
607	199489	42028	2351142	0	2020-03-29 17:28:50.804371+00	0		
608	199489	42028	2351160	0	2020-03-29 18:12:43.194137+00	0		
268	256215	21629	58620	0	2017-02-21 07:01:06.902155+00	0		
269	256215	21630	58620	0	2017-02-21 07:07:33.092254+00	0		
270	256215	21631	58620	0	2017-02-21 07:10:10.512635+00	0		
271	256215	7125	58620	0	2017-02-21 07:21:16.938102+00	0		
272	256215	7126	58620	0	2017-02-21 07:32:09.155255+00	0		
273	256215	21633	58620	0	2017-02-21 07:51:06.679785+00	0		
274	256215	21634	58620	0	2017-02-21 07:53:47.509801+00	0		
609	199489	42028	2353223	0	2020-03-31 20:14:45.955819+00	0		
610	199489	42028	2353284	0	2020-03-31 22:10:36.921783+00	0		
611	199489	42028	2353308	0	2020-03-31 22:37:37.408341+00	0		
612	199489	42028	2353324	0	2020-03-31 23:10:42.481598+00	0		
613	199489	42028	2353526	0	2020-04-01 08:07:49.447141+00	0		
614	199489	42028	2353559	0	2020-04-01 08:49:41.591183+00	0		
615	199489	42028	2353560	0	2020-04-01 09:06:54.890109+00	0		
616	199489	42028	2353563	0	2020-04-01 09:17:18.984833+00	0		
617	199489	42028	2353571	0	2020-04-01 10:05:26.294892+00	0		
618	256215	42481	2356778	0	2020-04-04 18:40:47.224135+00	0		
619	256215	42346	2328767	0	2020-04-05 13:40:23.6794+00	0		
620	199489	42558	2308618	0	2020-04-09 04:24:18.171241+00	0		
621	256215	42560	2359618	0	2020-04-09 09:03:03.410023+00	0		
622	256215	42590	2286800	0	2020-04-13 12:13:00.909994+00	0		
623	199489	42745	2372931	0	2020-04-23 18:13:31.904497+00	0		
624	199489	42749	2209240	0	2020-04-24 01:17:23.733452+00	0		
625	256215	42753	2367795	0	2020-04-24 15:01:50.500853+00	0		
626	199489	42028	2375404	0	2020-04-26 17:42:20.522677+00	0		
627	199489	42028	2375417	0	2020-04-26 18:12:35.689531+00	0		
628	199489	42028	2375424	0	2020-04-26 18:32:50.26847+00	0		
629	256215	42782	2375519	0	2020-04-26 20:58:53.341474+00	0		
630	256215	42844	2381627	0	2020-05-04 13:03:00.470133+00	0		
631	256215	42845	2381615	0	2020-05-04 13:14:14.444068+00	0		
632	256215	42846	2380712	0	2020-05-04 15:33:25.134082+00	0		
633	256215	42847	2381622	0	2020-05-04 15:44:12.390597+00	0		
634	256215	42848	2381142	0	2020-05-04 15:49:28.636883+00	0		
635	256215	42849	2381617	0	2020-05-04 16:48:44.987632+00	0		
636	256215	42850	2380705	0	2020-05-04 16:53:59.414594+00	0		
637	256215	42851	2381134	0	2020-05-04 16:57:23.201868+00	0		
638	256215	42852	2381835	0	2020-05-04 17:35:15.024251+00	0		
647	256215	43900	2422303	0	2020-06-30 12:20:01.499593+00	0		
650	256215	44631	493418	0	2020-08-01 06:58:02.057883+00	0		
640	199489	12242	2382949	0	2020-05-06 07:01:31.886512+00	0		
641	199489	43049	720182	0	2020-05-16 17:58:15.443807+00	0		
642	199489	13580	2236120	0	2020-05-26 21:06:28.654782+00	0		
643	256215	43345	2403787	0	2020-06-01 10:33:31.320479+00	0		
655	199489	2266	2455620	0	2020-08-20 06:30:23.453346+00	0		
652	199489	45035	2420005	0	2020-08-08 21:42:46.003087+00	0		
653	199489	37455	2455250	0	2020-08-19 16:48:51.279019+00	0		
654	199489	223	2455549	0	2020-08-20 04:18:12.801544+00	0		
656	199489	30830	2082848	0	2020-08-20 08:50:52.064559+00	0		
657	199489	223	2402496	0	2020-08-20 12:39:06.318989+00	0		
658	256215	42896	2464747	0	2020-08-31 17:49:50.790467+00	0		
659	256215	45545	601648	0	2020-09-02 13:47:19.226126+00	0		
660	199489	45548	623633	0	2020-09-03 06:49:45.261191+00	0		
661	199489	45548	2466912	0	2020-09-03 06:49:45.261191+00	0		
662	199489	45548	2466893	0	2020-09-03 06:49:45.261191+00	0		
664	256215	45573	2469866	0	2020-09-06 09:38:29.453659+00	0		
666	199489	45588	333682	0	2020-09-07 15:23:36.079364+00	0		
667	199489	42139	2269230	0	2020-09-27 11:04:01.86363+00	0		
668	199489	46264	1955710	0	2020-10-01 14:36:13.960442+00	0		
670	256215	35649	2342613	0	2020-10-21 18:38:22.674505+00	0		
681	256215	48109	547687	0	2021-01-09 16:39:25.731223+00	0		
682	256215	48213	2574172	0	2021-01-14 12:28:32.98161+00	0		
230	256215	16316	23923	0	2016-10-12 19:34:19.599332+00	0		
211	256215	16819	23923	0	2016-07-29 05:57:10.177086+00	0		
210	256215	16711	23923	0	2016-07-25 08:03:24.660481+00	0		
191	256215	12842	23923	0	2016-07-14 06:33:33.474546+00	0		
683	256215	48313	1305	0	2021-01-16 04:47:49.78672+00	0		
701	199489	51548	472007	0	2021-04-28 19:08:57.702482+00	0		
90	256215	5259	19814	0	2015-08-20 22:21:36.165136+00	0		
685	256215	33539	2593298	0	2021-02-03 21:48:11.640764+00	0		
686	256215	49056	2590504	0	2021-02-05 08:22:57.911898+00	0		
687	256215	49402	2599479	0	2021-02-09 13:42:09.466778+00	0		
688	199489	50777	1745248	0	2021-03-28 14:02:47.901196+00	0		
689	199489	48341	1785215	0	2021-03-28 14:17:51.827389+00	0		
690	199489	50789	2028078	0	2021-03-28 14:32:23.746277+00	0		
691	199489	50797	1827685	0	2021-03-28 15:36:31.378091+00	0		
692	199489	50798	2230901	0	2021-03-29 02:43:50.663471+00	0		
693	199489	50928	537469	0	2021-04-04 14:58:00.098137+00	0		
694	199489	50929	537469	0	2021-04-04 15:02:26.278733+00	0		
695	199489	51242	220461	0	2021-04-18 18:19:55.425344+00	0		
89	256215	5654	19814	0	2015-08-20 22:17:26.609919+00	0		
88	256215	5652	19814	0	2015-08-20 21:43:22.728557+00	0		
280	256215	21862	19814	0	2017-02-24 18:12:12.961883+00	0		
282	256215	21872	19814	0	2017-02-24 19:10:48.439609+00	0		
296	256215	22193	19814	0	2017-03-07 19:14:30.641035+00	0		
299	256215	22202	19814	0	2017-03-08 07:51:18.527252+00	0		
303	256215	22212	19814	0	2017-03-08 08:54:32.991838+00	0		
304	256215	22215	19814	0	2017-03-08 09:17:13.766674+00	0		
710	199489	42028	2691230	0	2021-05-30 13:58:00.757107+00	0		
771	256215	57709	2828599	0	2021-12-01 13:35:58.131703+00	0		
712	199489	20294	2697897	0	2021-06-09 10:51:21.639418+00	0		
714	256215	53159	139482	0	2021-06-18 12:46:56.967395+00	0		
715	256215	53309	2610615	0	2021-06-24 08:39:05.676033+00	0		
717	256215	53311	2610629	0	2021-06-24 08:57:43.347433+00	0		
774	256215	57712	2828599	0	2021-12-01 13:38:05.323302+00	0		
719	256215	66	2710461	0	2021-06-27 16:53:20.844271+00	0		
764	256215	57271	2803747	0	2021-11-09 09:16:36.110049+00	0		
665	256215	45574	646049	0	2020-09-06 17:13:54.756541+00	0		
721	256215	53343	2710767	0	2021-06-28 04:13:49.914973+00	0		
722	199489	51255	2710694	0	2021-06-28 23:44:23.640416+00	0		
776	256215	2266	2834274	0	2021-12-06 14:39:43.100699+00	0		
777	199489	56279	2804264	0	2021-12-17 14:58:59.543819+00	0		
778	199489	56279	2802117	0	2021-12-17 15:40:07.77883+00	0		
779	199489	56279	2847315	0	2021-12-17 16:14:43.581977+00	0		
780	256215	57890	2851709	0	2021-12-22 01:23:31.840112+00	0		
781	256215	57954	73118	0	2021-12-28 00:39:22.718353+00	0		
726	256215	2437	488821	0	2021-06-30 22:59:21.986608+00	0		
727	199489	264	1206289	0	2021-07-03 16:58:30.485966+00	0		
728	256215	53467	1622879	0	2021-07-05 21:21:39.807904+00	0		
729	256215	53467	1859568	0	2021-07-05 21:21:39.807904+00	0		
730	256215	53467	2211702	0	2021-07-05 21:21:39.807904+00	0		
731	199489	53467	2707635	0	2021-07-05 21:21:39.807904+00	0		
732	256215	53578	56795	0	2021-07-16 19:18:39.335763+00	0		
733	256215	21118	2246863	0	2021-07-16 20:07:57.446247+00	0		
404	199489	223	1853871	0	2017-12-29 05:58:43.98677+00	0		
782	256215	57717	2830938	0	2021-12-30 22:26:06.911329+00	0		
736	199489	53762	2727601	0	2021-07-25 11:23:43.12826+00	0		
737	256215	53762	2727601	0	2021-07-25 11:23:43.12826+00	0		
739	199489	54701	2700002	0	2021-08-09 10:42:28.06624+00	0		
783	256215	57981	2859699	0	2022-01-01 13:35:43.977333+00	0		
784	199489	58016	2861677	0	2022-01-06 02:21:46.911627+00	0		
740	256215	54967	404988	0	2021-08-14 14:20:33.170609+00	0		
738	199489	54694	2731736	0	2021-08-09 04:49:57.273637+00	0		
741	199489	55456	2731736	0	2021-08-31 18:34:50.991084+00	0		
742	256215	55490	2754906	0	2021-09-01 13:31:32.326921+00	0		
678	199489	42818	2544439	0	2020-12-09 01:52:52.216619+00	0		
744	199489	55350	2757610	0	2021-09-05 04:26:16.477287+00	0		
743	199489	55508	2731736	0	2021-09-01 20:34:28.546762+00	0		
745	199489	55734	46817	0	2021-09-12 05:05:32.900528+00	0		
785	199489	58076	2868602	0	2022-01-11 15:38:29.867849+00	0		
746	256215	53306	2768253	0	2021-09-20 23:02:34.761725+00	0		
747	199489	56238	90815	0	2021-09-21 05:44:14.211196+00	0		
748	199489	56239	178364	0	2021-09-21 06:00:52.553996+00	0		
749	199489	56240	97086	0	2021-09-21 06:10:19.309113+00	0		
750	256215	56272	2754057	0	2021-09-22 04:24:03.412344+00	0		
751	256215	45221	2772650	0	2021-09-24 10:51:40.489131+00	0		
752	199489	56626	2730956	0	2021-09-27 16:17:02.957975+00	0		
753	256215	56611	1198428	0	2021-09-29 12:26:54.179292+00	0		
754	199489	38214	2782103	0	2021-10-06 21:15:19.421088+00	0		
755	256215	56739	2783289	0	2021-10-08 14:41:38.893368+00	0		
756	199489	56739	2730956	0	2021-10-08 14:49:56.099184+00	0		
757	256215	44160	223439	0	2021-11-05 14:06:22.223327+00	0		
758	256215	57230	2596910	0	2021-11-08 21:28:08.374731+00	0		
759	256215	56838	2810285	0	2021-11-09 06:08:52.20861+00	0		
760	256215	56839	2810313	0	2021-11-09 06:33:08.35717+00	0		
761	256215	56840	2810320	0	2021-11-09 06:42:17.800727+00	0		
762	256215	57269	2803720	0	2021-11-09 09:16:22.988751+00	0		
763	256215	57270	2803748	0	2021-11-09 09:16:30.026127+00	0		
786	256215	5774	2869558	0	2022-01-11 21:12:06.969728+00	0		
765	256215	57272	2803740	0	2021-11-09 09:16:44.485931+00	0		
766	256215	57273	2596911	0	2021-11-09 09:16:56.530263+00	0		
504	256215	39636	2012609	0	2019-09-20 13:10:22.257718+00	0		
787	199489	42817	2877833	0	2022-01-21 07:23:58.042601+00	0		
767	256215	57332	2792188	0	2021-11-14 08:46:45.787912+00	0		
788	256215	56946	2690362	0	2022-01-27 05:32:52.15272+00	0		
789	199489	58202	2884672	0	2022-01-27 19:59:44.430238+00	0		
790	199489	53080	865429	0	2022-02-01 01:23:21.8483+00	0		
833	256215	58950	37067	0	2022-03-26 23:11:43.691458+00	0		
792	199489	42448	516712	0	2022-02-14 15:20:19.096502+00	0		
793	256215	58495	2904599	0	2022-02-19 21:40:30.944269+00	0		
794	256215	58503	2905082	0	2022-02-20 14:01:01.484557+00	0		
827	256215	58847	1854307	0	2022-03-12 20:30:48.432408+00	0		
828	256215	29765	2923771	0	2022-03-15 17:56:03.130459+00	0		
869	256215	57269	2821469	0	2022-03-31 07:40:33.589099+00	0		
832	256215	42896	2928761	0	2022-03-22 05:09:37.69427+00	0		
866	256215	57271	2804713	0	2022-03-31 07:28:59.483604+00	0		
867	256215	57272	2804652	0	2022-03-31 07:32:30.112277+00	0		
868	256215	57270	2804652	0	2022-03-31 07:32:30.112277+00	0		
870	256215	57271	2936284	0	2022-03-31 12:35:38.589934+00	0		
871	256215	57269	2804905	0	2022-03-31 12:54:14.685485+00	0		
872	256215	57271	787802	0	2022-03-31 12:59:39.7304+00	0		
873	256215	57273	787813	0	2022-04-01 09:00:11.299217+00	0		
874	256215	57272	673712	0	2022-04-01 20:25:21.52832+00	0		
875	256215	45040	2682884	0	2022-04-21 23:04:51.997958+00	0		
876	256215	45042	2568264	0	2022-04-21 23:26:28.634046+00	0		
877	256215	45044	2575825	0	2022-04-22 17:39:06.063779+00	0		
878	199489	29780	2153140	0	2022-04-30 00:34:40.114373+00	0		
879	199489	42028	2964100	0	2022-05-03 22:07:27.300695+00	0		
