683	166958	35	684	0	2015-02-13 18:48:51.739521+00	0		
52	166958	18	290	0	2015-02-14 21:29:55.155783+00	0		
58	166958	18	296	0	2015-02-14 21:29:55.155783+00	0		
54	166958	18	292	0	2015-02-14 21:29:55.155783+00	0		
9	166958	3	348	0	2014-09-26 11:19:58.977077+00	0		
53	166958	18	291	0	2015-02-14 21:29:55.155783+00	0		
686	166958	52	687	0	2015-02-15 07:32:32.570132+00	0		
692	166958	180	692	0	2015-02-15 22:03:23.601593+00	0		
694	166959	19	694	0	2015-02-16 00:19:16.733514+00	0		
695	166958	180	694	0	2015-02-16 00:19:16.733514+00	0		
526	166958	349	597	0	2019-05-17 18:00:26.076158+00	0		
92	166958	983	42	0	2019-10-04 21:06:48.720569+00	0		
1367	166958	983	1020	0	2020-10-05 18:57:48.292423+00	0		
1368	166958	136	1021	0	2020-10-20 10:35:52.162578+00	0		
97	166958	40	312	0	2014-09-26 12:30:54.898486+00	0		
13	166958	3	496	0	2014-09-26 12:14:58.874723+00	0		
1206	166961	899	921	0	2018-05-05 18:44:06.587657+00	0		
1345	166961	597	1010	0	2022-02-04 12:05:38.45438+00	0		
120	166958	52	524	0	2021-11-02 17:24:20.052698+00	0		
91	166958	983	41	0	2019-10-04 21:07:14.465098+00	0		
10	166958	3	397	0	2014-09-26 12:15:04.248229+00	0		
59	166958	18	469	0	2014-09-26 12:16:06.529289+00	0		
98	166958	40	317	0	2014-09-26 12:17:50.139032+00	0		
85	166958	35	155	0	2014-09-26 12:17:53.028594+00	0		
47	166957	16	297	0	2014-05-14 16:39:54.654562+00	0		
48	166957	16	298	0	2014-05-14 16:39:54.654562+00	0		
49	166957	16	568	0	2014-05-14 16:39:54.654562+00	0		
50	166957	16	569	0	2014-05-14 16:39:54.654562+00	0		
17	166958	3	616	0	2014-09-26 12:18:46.310416+00	0		
7	166958	5	6	0	2014-09-26 12:21:05.14552+00	0		
43	166958	14	458	0	2014-09-26 12:22:27.693576+00	0		
1207	166961	899	922	0	2018-05-06 20:38:16.569668+00	0		
74	166957	32	149	0	2014-05-14 16:39:54.654562+00	0		
45	166958	14	540	0	2014-09-26 12:22:27.693576+00	0		
76	166957	32	182	0	2014-05-14 16:39:54.654562+00	0		
1208	166961	899	923	0	2018-05-07 09:59:52.504534+00	0		
78	166957	34	150	0	2014-05-14 16:39:54.654562+00	0		
56	166958	18	294	0	2014-09-26 12:47:56.101265+00	0		
80	166957	34	152	0	2014-05-14 16:39:54.654562+00	0		
1209	166961	899	924	0	2018-05-10 20:06:05.199945+00	0		
1210	166958	916	925	0	2018-05-10 22:03:01.747905+00	0		
1211	166959	484	927	0	2018-06-05 12:48:36.235207+00	0		
1212	166960	887	927	0	2018-06-05 12:48:36.235207+00	0		
95	166958	40	307	0	2014-09-26 12:30:54.898486+00	0		
51	166958	18	289	0	2014-09-26 12:47:25.533573+00	0		
96	166958	40	311	0	2014-09-26 12:30:54.898486+00	0		
1337	166958	961	1003	0	2019-11-11 19:35:36.39114+00	0		
100	166958	40	610	0	2014-09-26 12:30:54.898486+00	0		
1265	166958	961	962	0	2019-11-07 20:30:49.424446+00	0		gendèr panembung
93	166958	610	44	0	2019-10-04 21:12:27.080902+00	0		
1215	166959	203	148	0	2018-06-06 18:04:45.759819+00	0		
107	166959	45	192	0	2018-08-29 20:10:17.370231+00	0		
1339	166958	961	1005	0	2019-11-15 21:52:26.625552+00	0		
1264	166961	365	962	0	2019-03-09 00:33:21.849926+00	0		
1266	166961	365	725	0	2019-03-12 20:51:07.981316+00	0		
625	166958	610	43	0	2014-09-26 12:48:14.580505+00	0		
79	166958	34	151	0	2014-09-16 09:51:38.511576+00	0		
29	166958	9	10	0	2014-09-26 10:29:11.320252+00	0		
61	166958	19	21	0	2014-09-26 10:29:29.312585+00	0		
1019	166961	781	864	0	2017-05-25 09:32:19.4893+00	0		
71	166958	26	28	0	2014-09-26 10:32:51.51007+00	0		
63	166958	19	23	0	2014-09-26 10:32:52.44447+00	0		
106	166958	43	465	0	2014-09-26 10:33:52.068437+00	0		
30	166958	9	11	0	2014-09-26 10:33:59.269514+00	0		
64	166958	19	444	0	2014-09-26 10:34:27.389907+00	0		
75	166958	32	176	0	2014-09-26 10:34:29.105925+00	0		
103	166958	433	432	0	2014-09-26 10:35:09.616833+00	0		
19	166958	4	428	0	2014-09-26 10:36:33.046818+00	0		
104	166958	360	433	0	2014-09-26 10:43:09.825667+00	0		
102	166958	41	360	0	2014-09-26 10:44:07.929858+00	0		
131	166958	58	351	0	2020-03-18 22:31:59.726293+00	0		
2	166958	1	24	0	2014-09-26 10:44:43.632761+00	0		
696	166958	1018	695	0	2020-03-19 00:19:58.339587+00	0		
101	166958	41	359	0	2014-09-26 10:45:53.309903+00	0		
81	166958	35	27	0	2014-09-26 10:46:52.49386+00	0		
6	166958	3	4	0	2014-09-26 10:53:57.710628+00	0		
20	166958	4	429	0	2014-09-26 10:53:57.710628+00	0		
99	166958	40	483	0	2014-09-26 10:55:41.293087+00	0		
12	166958	3	431	0	2014-09-26 10:55:42.356264+00	0		
33	166958	9	405	0	2014-09-26 11:01:29.909514+00	0		
28	166958	3	582	0	2020-10-20 13:49:28.957098+00	0		
34	166958	9	574	0	2014-09-26 11:09:49.739356+00	0		
31	166958	9	12	0	2014-09-26 11:09:49.739356+00	0		
105	166958	43	300	0	2014-09-26 11:09:50.812378+00	0		
24	166958	3	303	0	2020-10-20 13:50:20.439539+00	0		
57	166958	18	295	0	2014-09-26 11:11:02.87479+00	0		
66	166958	19	446	0	2014-09-26 11:11:03.788645+00	0		
86	166958	35	156	0	2014-09-26 11:13:40.258123+00	0		
15	166958	3	510	0	2014-09-26 11:19:58.013921+00	0		
23	166958	8	191	0	2014-09-26 12:48:27.533826+00	0		
73	166958	26	31	0	2014-09-26 12:49:09.679405+00	0		
87	166958	35	505	0	2014-09-26 12:49:42.855399+00	0		
1	166958	1	2	0	2014-09-26 13:53:36.565031+00	0		
5	166958	2	179	0	2014-09-26 13:53:36.565031+00	0		
3	166958	1	133	0	2014-09-26 14:23:31.378797+00	0		
682	166958	3	683	0	2014-10-28 01:18:49.613265+00	0		
25	166958	8	473	0	2020-10-20 13:50:27.857621+00	0		
1083	166958	124	890	0	2017-12-12 21:15:53.856419+00	0		
26	166958	3	494	0	2020-10-20 13:59:03.666248+00	0		
1369	166958	3	8	0	2020-10-20 14:00:24.178985+00	0		
134	166961	59	60	0	2018-02-04 16:11:40.260911+00	0		
1370	166958	40	1022	0	2020-11-19 11:29:32.579621+00	0		
137	345574	451	62	0	2018-03-19 20:17:27.997908+00	0		
65	166958	19	445	0	2016-10-14 08:07:01.15695+00	0		
124	166958	53	566	0	2017-09-26 10:31:49.208581+00	0		
125	166958	53	567	0	2017-09-26 10:31:57.568864+00	0		
128	166958	57	387	0	2017-10-29 21:27:00.286113+00	0		
127	166958	57	385	0	2017-10-29 21:29:01.224181+00	0		
130	166958	98	86	0	2017-12-04 16:29:35.410203+00	0		
83	166958	154	38	0	2018-03-21 20:19:30.478918+00	0		
89	166958	35	522	0	2018-03-26 12:05:23.61053+00	0		
84	166958	35	39	0	2018-03-26 12:14:20.413385+00	0		
90	166958	522	626	0	2018-03-26 12:19:16.955546+00	0		
72	166958	201	30	0	2018-03-26 12:31:55.998733+00	0		
82	166958	522	36	0	2018-03-26 13:06:22.206619+00	0		
1015	166960	27	788	0	2018-03-26 14:58:47.024074+00	0		
77	166961	914	401	0	2018-03-26 20:34:35.860532+00	0		
118	166959	262	917	0	2018-04-05 01:55:05.258392+00	0		
1084	166959	864	726	0	2017-12-12 22:45:26.414359+00	0		
244	166958	338	168	0	2018-05-15 08:21:35.426791+00	0		
245	166958	116	275	0	2018-05-15 08:23:17.285535+00	0		
246	166958	116	383	0	2018-05-15 08:23:51.651643+00	0		
1371	487344	1023	137	0	2020-12-02 15:39:24.482964+00	0		
144	166957	62	95	0	2014-05-14 16:39:54.654562+00	0		
242	166958	116	128	0	2018-05-15 08:23:59.032178+00	0		
247	166958	116	487	0	2018-05-15 08:24:08.08998+00	0		
1213	166959	484	173	0	2018-06-05 15:50:31.113491+00	0		
205	166958	98	394	0	2018-01-08 19:00:33.104827+00	0		
1214	166959	484	709	0	2018-06-05 15:50:31.113491+00	0		
360	166958	194	197	0	2014-09-26 12:15:29.714947+00	0		
1263	166958	349	961	0	2019-05-17 18:00:26.076158+00	0		
1016	166961	781	863	0	2017-05-24 13:31:43.578708+00	0		
202	166958	98	249	0	2019-07-31 09:58:32.078627+00	0		
359	166958	194	196	0	2014-09-26 12:15:29.714947+00	0		
494	166958	954	370	0	2019-03-06 16:00:36.776012+00	0		
1372	487344	1023	13	0	2020-12-02 15:39:24.482964+00	0		
1373	487344	1023	9	0	2020-12-02 15:39:24.482964+00	0		
161	166957	73	69	0	2014-05-14 16:39:54.654562+00	0		
162	166957	73	631	0	2014-05-14 16:39:54.654562+00	0		
1216	166958	36	38	0	2018-06-06 18:18:16.324205+00	0		
496	166958	954	375	0	2019-03-06 16:00:36.776012+00	0		
169	166958	82	516	0	2018-09-01 22:50:19.647909+00	0		
233	166958	954	380	0	2019-03-06 16:00:36.776012+00	0		
497	166958	954	381	0	2019-03-06 16:00:36.776012+00	0		
1020	166961	781	865	0	2017-05-25 14:24:31.830063+00	0		
1374	487344	1023	62	0	2020-12-02 15:39:24.482964+00	0		
1375	487344	1023	60	0	2020-12-02 15:39:24.482964+00	0		
1387	487345	1033	62	0	2021-07-24 05:22:15.048204+00	0		
194	166959	88	246	0	2018-12-12 19:25:37.741455+00	0		
139	166958	61	78	0	2017-09-09 17:33:06.718605+00	0		
167	166958	77	286	0	2019-01-07 15:37:03.020759+00	0		
164	166958	77	255	0	2019-01-07 15:41:25.624292+00	0		
201	166958	98	66	0	2022-03-14 12:29:22.940777+00	0		
224	166958	100	587	0	2015-11-22 05:58:48.89666+00	0		
218	166958	100	101	0	2015-11-22 05:58:48.89666+00	0		
166	166958	77	257	0	2019-01-07 15:44:03.160724+00	0		
1298	166961	365	975	0	2019-08-30 18:43:16.122238+00	0		
215	166958	99	100	0	2015-11-22 05:58:48.89666+00	0		
235	166958	959	116	0	2019-03-15 22:00:31.266939+00	0		
190	166957	84	58	0	2014-05-14 16:39:54.654562+00	0		
191	166957	84	247	0	2014-05-14 16:39:54.654562+00	0		
192	166957	84	248	0	2014-05-14 16:39:54.654562+00	0		
1017	166958	959	863	0	2019-03-15 22:00:31.266939+00	0		
172	166959	761	237	0	2019-09-01 13:20:12.659194+00	0		
276	166958	136	347	0	2019-01-07 23:41:00.769759+00	0		
243	166958	116	158	0	2017-12-17 14:05:44.719207+00	0		
490	166958	312	316	0	2019-01-15 20:00:22.217683+00	0		
206	166958	98	409	0	2017-12-04 16:30:26.080522+00	0		
38	166958	13	345	0	2020-03-14 11:00:24.331418+00	0		
204	166957	98	288	0	2014-05-14 16:39:54.654562+00	0		
1300	166961	365	977	0	2019-09-03 14:48:22.143255+00	0		
275	166958	133	204	0	2018-01-02 01:43:20.5134+00	0		
257	166958	117	281	0	2015-11-25 07:33:53.804872+00	0		
209	166957	98	452	0	2014-05-14 16:39:54.654562+00	0		
210	166957	98	506	0	2014-05-14 16:39:54.654562+00	0		
211	166957	98	517	0	2014-05-14 16:39:54.654562+00	0		
212	166957	98	627	0	2014-05-14 16:39:54.654562+00	0		
213	166957	98	635	0	2014-05-14 16:39:54.654562+00	0		
487	166958	312	308	0	2014-09-26 12:48:51.867142+00	0		
4	166958	2	13	0	2014-10-02 10:04:00.051532+00	0		
1301	166958	170	977	0	2019-09-03 14:48:22.143255+00	0		
236	166958	701	146	0	2015-02-26 10:40:03.806348+00	0		
1302	166961	365	978	0	2019-09-09 17:12:50.737739+00	0		
171	166958	1015	234	0	2020-03-18 18:17:08.676453+00	0		
177	166958	1015	350	0	2020-03-18 18:40:29.373673+00	0		
189	166958	1015	629	0	2020-03-18 18:41:12.875221+00	0		
366	166958	194	274	0	2019-03-15 23:20:07.442723+00	0		
185	166958	1015	488	0	2020-03-18 18:42:10.097677+00	0		
713	166958	14	709	0	2015-03-01 00:16:19.237753+00	0		
368	166958	14	306	0	2019-03-16 11:55:53.820386+00	0		
174	166958	1015	240	0	2020-03-18 18:48:50.95722+00	0		
214	166958	98	642	0	2014-08-03 13:17:02.768389+00	0		
176	166958	1015	325	0	2020-03-18 19:23:49.93482+00	0		
170	166958	1015	97	0	2020-03-18 19:24:03.808266+00	0		
180	166958	1015	466	0	2020-03-18 19:38:36.986068+00	0		
182	166958	1015	472	0	2020-03-18 19:41:34.541709+00	0		
248	166957	117	118	0	2014-05-14 16:39:54.654562+00	0		
249	166957	117	119	0	2014-05-14 16:39:54.654562+00	0		
207	166958	98	421	0	2017-12-04 16:39:59.58135+00	0		
149	166959	62	615	0	2018-02-04 17:13:01.361024+00	0		
147	166959	62	210	0	2018-02-04 17:22:53.598863+00	0		
145	166959	62	174	0	2018-02-04 17:30:13.610818+00	0		
258	166957	117	282	0	2014-05-14 16:39:54.654562+00	0		
628	166958	610	319	0	2014-09-26 12:17:51.442531+00	0		
198	166961	899	420	0	2018-02-04 18:55:07.496558+00	0		
196	166961	899	93	0	2018-02-04 19:06:25.604617+00	0		
208	166958	98	442	0	2015-11-04 12:59:24.156946+00	0		
143	166959	91	1016	0	2020-03-18 23:28:57.781332+00	0		
197	166958	1017	206	0	2020-03-19 00:23:25.495493+00	0		
254	166958	117	124	0	2015-11-13 22:07:56.91265+00	0		
230	166960	107	284	0	2018-03-07 22:19:04.011934+00	0		
229	166958	109	160	0	2018-03-08 18:30:54.740056+00	0		
160	166959	71	406	0	2020-03-30 13:29:44.943902+00	0		
265	166957	117	576	0	2014-05-14 16:39:54.654562+00	0		
251	166958	117	121	0	2016-08-01 11:22:19.207793+00	0		
193	166959	86	131	0	2016-08-06 19:31:34.853889+00	0		
714	166958	80	710	0	2020-03-19 23:16:24.382978+00	0	mouth harp	
228	166958	369	110	0	2018-03-13 21:46:18.616222+00	0		
305	166958	154	203	0	2014-09-26 11:20:20.460331+00	0		
285	166957	137	425	0	2014-05-14 16:39:54.654562+00	0		
286	166957	137	481	0	2014-05-14 16:39:54.654562+00	0		
154	345574	396	68	0	2017-03-11 16:31:02.691753+00	0		
261	166958	117	400	0	2017-05-02 15:28:02.000233+00	0		
256	166958	117	126	0	2017-05-02 15:29:18.180685+00	0		
252	166958	117	122	0	2017-05-02 15:29:19.336192+00	0		
250	166958	117	120	0	2017-05-02 15:31:09.684907+00	0		
253	166958	124	123	0	2017-05-02 15:31:50.613463+00	0		
260	166958	120	374	0	2017-05-02 15:49:05.554844+00	0		
263	166958	117	515	0	2017-05-02 15:54:55.200728+00	0		
264	166958	124	560	0	2017-05-02 16:03:07.915953+00	0		
199	345574	605	93	0	2018-04-05 00:59:10.569295+00	0		
187	166958	83	507	0	2018-04-16 17:40:27.10056+00	0		
178	166958	83	395	0	2018-04-16 18:12:34.618128+00	0		
165	166958	77	256	0	2018-04-23 15:18:34.816488+00	0		
163	166958	77	254	0	2018-04-23 15:47:03.618466+00	0		
289	166957	137	636	0	2014-05-14 16:39:54.654562+00	0		
358	166958	194	18	0	2014-09-26 12:15:29.714947+00	0		
39	166958	14	16	0	2014-09-26 12:22:27.693576+00	0		
684	166958	587	685	0	2015-02-13 19:01:02.070321+00	0		
687	166958	52	688	0	2015-02-15 07:34:25.713804+00	0		
1338	166958	961	1004	0	2019-11-11 20:45:05.29721+00	0		
1282	166961	365	967	0	2019-05-21 12:03:41.329481+00	0		
430	166958	71	236	0	2019-11-24 01:21:18.248635+00	0		
1283	166961	365	968	0	2019-05-27 15:43:02.148743+00	0		
1284	166958	587	968	0	2019-05-27 15:43:02.148743+00	0		
470	166958	270	621	0	2018-05-17 09:00:19.962829+00	0		
318	166958	954	108	0	2019-03-06 16:00:36.776012+00	0		
1217	166958	201	929	0	2018-06-06 20:13:34.13687+00	0		
283	166958	137	259	0	2015-02-15 08:35:24.614481+00	0		
348	166958	179	3	0	2014-09-26 12:18:46.310416+00	0		
321	166958	954	114	0	2019-03-06 16:00:36.776012+00	0		
41	166958	14	339	0	2014-09-26 12:22:27.693576+00	0		
349	166958	179	40	0	2014-09-26 12:30:54.898486+00	0		
304	166958	154	148	0	2014-09-26 12:51:18.285469+00	0		
354	166957	180	440	0	2014-05-14 16:39:54.654562+00	0		
356	166957	180	563	0	2014-05-14 16:39:54.654562+00	0		
355	166958	180	518	0	2014-09-26 12:52:46.211016+00	0		
323	166958	954	161	0	2019-03-06 16:00:36.776012+00	0		
688	166958	1015	689	0	2020-03-18 18:41:25.281456+00	0		
1218	166958	954	276	0	2019-03-06 16:00:36.776012+00	0		
1285	166961	365	961	0	2019-05-30 18:38:49.2341+00	0		
1224	166958	963	934	0	2019-03-15 20:20:15.478632+00	0		
436	166958	1015	242	0	2020-03-18 18:41:57.827387+00	0		
333	166958	116	479	0	2019-03-15 23:00:21.290625+00	0		
357	166958	180	634	0	2014-09-26 10:52:36.854626+00	0		
278	166958	133	490	0	2014-09-26 11:03:21.994956+00	0		
431	166958	237	519	0	2020-03-26 15:58:18.249322+00	0		
351	166958	180	9	0	2014-09-26 11:09:49.739356+00	0		
279	166958	136	471	0	2014-09-26 11:09:51.978275+00	0		
353	166958	180	436	0	2014-09-26 11:09:52.796743+00	0		
306	166959	159	368	0	2018-06-14 01:41:39.922655+00	0		
407	166958	1019	625	0	2020-03-19 01:30:36.932925+00	0		
404	166958	1019	486	0	2020-03-19 01:32:19.698023+00	0		
1376	487345	1024	137	0	2020-12-03 12:09:59.895966+00	0		
443	166959	251	596	0	2021-02-08 16:55:33.039824+00	0		
1388	830337	1033	60	0	2021-07-24 05:22:15.048204+00	0		
374	166958	201	25	0	2014-09-26 11:20:17.270928+00	0		
361	166958	194	198	0	2014-09-26 12:15:29.714947+00	0		
362	166958	194	513	0	2014-09-26 12:15:29.714947+00	0		
8	166958	3	264	0	2014-09-26 12:18:46.310416+00	0		
1389	830337	1033	63	0	2021-07-24 05:22:15.048204+00	0		
345	166961	52	434	0	2021-11-02 14:21:57.673116+00	0		
389	166958	207	50	0	2021-11-02 14:24:39.988543+00	0		
685	166958	156	686	0	2015-02-13 19:04:07.260124+00	0		
1225	452720	59	935	0	2018-08-11 21:33:23.215074+00	0		
1115	166959	896	897	0	2018-02-03 18:27:16.46387+00	0		
715	166958	16	711	0	2015-03-01 00:37:56.605173+00	0		
391	166957	207	233	0	2014-05-14 16:39:54.654562+00	0		
392	166957	207	435	0	2014-05-14 16:39:54.654562+00	0		
393	166957	211	541	0	2014-05-14 16:39:54.654562+00	0		
394	166957	211	542	0	2014-05-14 16:39:54.654562+00	0		
14	166958	3	499	0	2014-09-26 12:18:46.310416+00	0		
454	166958	259	468	0	2015-02-15 08:26:35.618271+00	0		
307	166958	163	172	0	2018-08-20 13:42:28.204097+00	0		
325	166958	366	163	0	2018-08-20 13:42:28.204097+00	0		
1231	487344	942	23	0	2018-08-27 14:09:35.230111+00	0		
376	166958	201	29	0	2014-09-26 12:31:01.239533+00	0		
1227	166959	54	938	0	2018-08-20 22:40:15.554881+00	0		
1228	166958	917	939	0	2018-08-26 13:23:27.497207+00	0		
381	166958	202	32	0	2015-11-01 19:02:37.457021+00	0		
377	166958	201	33	0	2015-11-01 19:05:29.796824+00	0		
350	166958	179	180	0	2015-11-04 12:47:49.104088+00	0		
346	166958	177	438	0	2015-11-13 20:57:18.37795+00	0		
344	166958	177	323	0	2015-11-13 20:57:18.37795+00	0		
343	166958	177	322	0	2015-11-13 20:57:18.37795+00	0		
340	166958	177	56	0	2015-11-13 20:57:18.37795+00	0		
341	166958	177	57	0	2015-11-13 20:57:18.37795+00	0		
270	166958	124	456	0	2015-11-13 22:07:56.91265+00	0		
269	166958	124	390	0	2015-11-13 22:07:56.91265+00	0		
1230	166959	940	941	0	2018-08-26 20:19:46.846507+00	0		
1232	487344	942	21	0	2018-08-27 14:09:35.230111+00	0		
1233	487344	942	20	0	2018-08-27 14:09:35.230111+00	0		
365	166958	14	200	0	2019-01-07 23:12:46.836236+00	0		
421	166957	230	231	0	2014-05-14 16:39:54.654562+00	0		
1018	166958	863	790	0	2017-05-24 20:12:19.374908+00	0		
1021	166958	109	865	0	2017-05-25 14:24:31.830063+00	0		
1033	166958	408	582	0	2017-07-31 20:26:09.70852+00	0		
383	166958	204	443	0	2018-01-02 01:43:20.5134+00	0		
287	166959	137	504	0	2016-08-08 00:11:20.311737+00	0		
280	166958	137	138	0	2016-08-08 00:11:20.311737+00	0		
288	166958	137	606	0	2016-08-08 00:11:20.311737+00	0		
282	166958	137	258	0	2016-08-08 00:11:20.311737+00	0		
281	166958	137	140	0	2016-08-08 00:11:20.311737+00	0		
284	166959	384	137	0	2016-08-08 00:14:13.095024+00	0		
352	166958	180	19	0	2016-10-14 08:07:01.15695+00	0		
277	166958	133	447	0	2016-11-03 13:01:00.765435+00	0		
371	166958	194	508	0	2019-01-07 23:21:21.89912+00	0		
370	166958	274	419	0	2019-01-07 23:25:50.325864+00	0		
408	166959	215	216	0	2018-03-14 13:10:52.662014+00	0		
372	166958	194	594	0	2019-01-07 23:28:05.475848+00	0		
382	166958	204	135	0	2014-09-26 12:48:28.729005+00	0		
273	166958	136	127	0	2019-01-07 23:42:31.213719+00	0		
455	166957	261	92	0	2014-05-14 16:39:54.654562+00	0		
375	166958	201	26	0	2014-09-26 12:49:09.679405+00	0		
432	166960	238	72	0	2017-01-08 02:03:33.207645+00	0		
429	166960	410	234	0	2017-02-17 22:37:48.867482+00	0		
409	166959	215	217	0	2018-03-14 13:37:06.288516+00	0		
266	166958	117	602	0	2017-05-02 15:35:02.004868+00	0		
440	166960	337	244	0	2018-03-14 13:42:21.509954+00	0		
441	166960	244	593	0	2018-03-14 13:43:15.054274+00	0		
410	166958	213	220	0	2018-03-14 16:09:34.223057+00	0		
402	166959	906	224	0	2018-03-15 00:04:16.919182+00	0		
406	166960	625	624	0	2018-03-15 10:04:01.852527+00	0		
411	166958	225	309	0	2018-03-15 12:18:11.569663+00	0		
403	166960	225	213	0	2018-03-16 14:27:30.084289+00	0		
401	166960	907	223	0	2018-03-16 14:39:16.910762+00	0		
379	166958	201	37	0	2018-03-21 20:12:36.232383+00	0		
380	166958	201	562	0	2018-03-21 20:12:48.054708+00	0		
449	166959	254	287	0	2018-04-23 15:47:03.618466+00	0		
320	166958	953	112	0	2019-02-04 16:29:20.455952+00	0		
469	166959	270	271	0	2019-02-06 00:00:38.218143+00	0		
524	166958	349	165	0	2019-05-17 18:00:26.076158+00	0		
495	166958	954	373	0	2019-03-06 16:00:36.776012+00	0		
498	166958	954	489	0	2019-03-06 16:00:36.776012+00	0		
480	166958	954	534	0	2019-03-06 16:00:36.776012+00	0		
237	166958	959	170	0	2019-03-15 22:00:31.266939+00	0		
373	166958	197	398	0	2014-09-26 12:53:49.820217+00	0		
399	166958	213	221	0	2014-08-03 13:13:28.357417+00	0		
1022	166961	781	866	0	2017-05-25 14:53:42.395069+00	0		
522	166958	959	129	0	2019-05-21 12:19:18.281292+00	0		
702	166959	477	527	0	2015-02-25 23:23:06.960666+00	0		
413	166958	701	145	0	2015-02-26 10:30:07.416544+00	0		
551	166959	407	408	0	2020-10-20 14:07:31.724142+00	0		
559	166961	426	235	0	2019-11-24 01:24:52.184296+00	0		
152	166958	52	96	0	2020-03-18 19:36:49.644615+00	0		
1268	166958	35	786	0	2019-05-28 19:31:52.615621+00	0		
471	166958	270	498	0	2018-05-17 09:00:19.962829+00	0		
16	166958	3	595	0	2014-09-26 12:18:46.310416+00	0		
472	166958	270	550	0	2018-05-17 09:00:19.962829+00	0		
473	166958	270	551	0	2018-05-17 09:00:19.962829+00	0		
474	166958	270	552	0	2018-05-17 09:00:19.962829+00	0		
584	166958	500	449	0	2015-02-26 10:17:21.299537+00	0		
491	166957	313	314	0	2014-05-14 16:39:54.654562+00	0		
475	166958	270	565	0	2018-05-17 09:00:19.962829+00	0		
476	166958	270	640	0	2018-05-17 09:00:19.962829+00	0		
1246	166958	959	948	0	2019-03-15 22:00:31.266939+00	0		
569	166959	530	529	0	2018-06-06 22:56:38.856966+00	0		
1219	166958	674	930	0	2018-06-14 01:08:19.854163+00	0		
1286	166961	365	969	0	2019-06-12 22:13:59.967686+00	0		
1377	487344	1025	137	0	2020-12-03 12:10:28.195382+00	0		
512	166958	345	415	0	2020-03-14 11:00:24.331418+00	0		
153	166958	1028	555	0	2021-01-25 15:26:37.059175+00	0		
1390	830338	1033	48	0	2021-07-24 05:22:15.048204+00	0		
151	166958	205	79	0	2019-08-14 08:47:17.372915+00	0		
585	166958	500	478	0	2015-02-26 10:17:21.299537+00	0		
1024	166960	381	108	0	2021-02-02 17:02:53.589102+00	0		
583	166958	500	321	0	2015-02-26 10:17:21.299537+00	0		
534	166958	366	267	0	2017-12-12 22:40:32.263871+00	0		
1299	166961	365	976	0	2019-08-30 18:43:16.606744+00	0		
1121	166959	1016	59	0	2020-03-18 23:30:14.937952+00	0		
1303	166961	365	979	0	2019-09-20 15:33:53.666334+00	0		
1391	166960	1033	908	0	2021-07-24 05:22:15.048204+00	0		
335	166958	99	500	0	2015-03-02 22:01:59.002503+00	0		
1287	166958	981	969	0	2019-09-20 18:47:46.804736+00	0		
540	166959	385	389	0	2018-06-25 17:44:38.31899+00	0		
543	166959	177	55	0	2018-06-25 17:45:30.553442+00	0		
1294	166958	981	973	0	2019-09-20 18:48:21.666662+00	0		
1229	166958	917	940	0	2018-08-26 14:30:56.739782+00	0		
1234	487344	942	22	0	2018-08-27 14:09:35.230111+00	0		
509	166961	414	412	0	2019-01-07 22:50:24.863959+00	0		
1240	166958	944	501	0	2019-01-08 22:56:21.782248+00	0		
530	166957	351	352	0	2014-05-14 16:39:54.654562+00	0		
531	166957	353	355	0	2014-05-14 16:39:54.654562+00	0		
466	166958	268	342	0	2015-11-06 23:12:45.680241+00	0		
503	166958	344	411	0	2015-11-06 23:17:42.550591+00	0		
499	166958	344	111	0	2015-11-06 23:17:42.550591+00	0		
502	166958	344	376	0	2015-11-06 23:17:42.550591+00	0		
458	166960	263	343	0	2015-11-06 23:19:54.936495+00	0		
456	166958	263	326	0	2015-11-06 23:19:54.936495+00	0		
459	166958	263	474	0	2015-11-06 23:19:54.936495+00	0		
457	166958	263	329	0	2015-11-06 23:19:54.936495+00	0		
532	166957	353	356	0	2014-05-14 16:39:54.654562+00	0		
1392	166960	1033	915	0	2021-07-24 05:22:15.048204+00	0		
1116	166958	3	896	0	2018-02-03 19:03:09.19507+00	0		
698	166960	1016	697	0	2020-03-18 23:31:28.783413+00	0		
539	166957	385	386	0	2014-05-14 16:39:54.654562+00	0		
415	166958	79	228	0	2020-03-19 01:07:28.369111+00	0		
541	166957	386	184	0	2014-05-14 16:39:54.654562+00	0		
1085	166958	366	864	0	2017-12-12 22:47:13.134599+00	0		
384	166961	61	59	0	2020-03-19 11:22:20.307376+00	0	fiddle family	
544	166957	391	67	0	2014-05-14 16:39:54.654562+00	0		
545	166957	391	238	0	2014-05-14 16:39:54.654562+00	0		
1127	166958	61	898	0	2020-03-19 11:22:41.471985+00	0		
510	166961	414	413	0	2022-03-21 16:02:14.231504+00	0		
548	166957	391	485	0	2014-05-14 16:39:54.654562+00	0		
549	166957	391	598	0	2014-05-14 16:39:54.654562+00	0		
18	166958	3	641	0	2014-09-26 12:18:46.310416+00	0		
542	166958	57	388	0	2017-10-29 21:36:09.010028+00	0		
570	166960	459	530	0	2019-01-17 16:41:41.244798+00	0		
1243	166958	88	946	0	2019-01-23 23:36:48.709685+00	0		
452	166959	259	178	0	2016-08-06 16:14:43.770826+00	0		
453	166958	259	260	0	2016-08-06 16:52:58.728402+00	0		
450	166958	259	132	0	2016-08-06 17:03:13.338472+00	0		
451	166958	259	139	0	2016-08-06 19:18:21.685117+00	0		
563	166958	447	134	0	2016-11-03 13:01:00.765435+00	0		
565	166957	452	75	0	2014-05-14 16:39:54.654562+00	0		
566	166957	452	82	0	2014-05-14 16:39:54.654562+00	0		
567	166957	452	250	0	2014-05-14 16:39:54.654562+00	0		
568	166957	452	564	0	2014-05-14 16:39:54.654562+00	0		
574	166957	472	426	0	2014-05-14 16:39:54.654562+00	0		
1247	166961	949	950	0	2019-01-31 13:14:13.582158+00	0		
586	166957	506	76	0	2014-05-14 16:39:54.654562+00	0		
489	166958	312	315	0	2014-09-26 12:48:51.867142+00	0		
136	166961	59	63	0	2018-02-04 16:11:40.260911+00	0		
135	166961	59	62	0	2018-02-04 16:11:40.260911+00	0		
538	166958	378	554	0	2014-08-03 12:53:46.839268+00	0		
505	166958	344	628	0	2014-08-03 12:58:45.063703+00	0		
578	166958	477	391	0	2017-01-12 02:22:07.671345+00	0		
591	166958	560	441	0	2017-05-02 16:03:07.915953+00	0		
592	166958	560	561	0	2017-05-02 16:03:07.915953+00	0		
363	166958	805	571	0	2017-05-04 18:03:29.317865+00	0		
146	166959	62	209	0	2018-02-04 17:00:22.880758+00	0		
557	166961	421	423	0	2018-02-27 21:29:04.323132+00	0		
572	166958	461	618	0	2018-03-08 18:16:07.210097+00	0		
1249	166961	949	951	0	2019-01-31 17:36:08.843794+00	0		
689	166959	33	690	0	2018-03-26 17:01:40.035549+00	0		
527	166959	350	70	0	2018-04-16 17:57:04.591542+00	0		
528	166959	350	243	0	2018-04-16 17:57:04.591542+00	0		
529	166960	350	609	0	2018-04-16 18:02:59.540811+00	0		
1226	166958	953	937	0	2019-02-04 16:28:58.807226+00	0		
1086	166958	953	891	0	2019-02-04 16:29:35.220309+00	0		
579	166958	500	559	0	2019-02-04 17:01:57.195588+00	0		
478	166958	271	454	0	2019-02-06 00:00:38.218143+00	0		
504	166958	344	613	0	2014-08-03 12:59:32.349474+00	0		
589	166958	545	546	0	2014-08-03 13:07:38.918358+00	0		
667	166961	667	668	0	2019-08-22 03:20:08.527313+00	0		
1378	166958	1015	1026	0	2020-12-03 12:45:40.079553+00	0		
604	166958	587	102	0	2019-10-20 12:32:27.679138+00	0		
561	166958	428	358	0	2014-09-26 10:36:33.046818+00	0		
533	166958	360	361	0	2014-09-26 10:44:07.929858+00	0		
483	166958	274	583	0	2014-09-26 10:50:11.007222+00	0		
582	166959	496	5	0	2014-09-26 10:55:14.987969+00	0		
550	166960	405	404	0	2014-09-26 11:01:29.909514+00	0		
576	166959	475	502	0	2019-02-12 20:35:50.619892+00	0		
645	166958	13	650	0	2014-10-02 10:04:00.051532+00	0		
11	166958	3	407	0	2014-09-26 12:18:46.310416+00	0		
36	166958	13	194	0	2014-10-02 10:04:00.051532+00	0		
35	166958	13	14	0	2014-10-02 10:04:00.051532+00	0		
488	166958	312	313	0	2014-09-26 12:48:51.867142+00	0		
690	166958	4	691	0	2015-02-15 08:14:49.040271+00	0		
638	166958	954	644	0	2019-03-06 16:00:36.776012+00	0		
296	166958	701	285	0	2015-02-26 10:30:09.858391+00	0		
581	166959	484	324	0	2018-06-05 15:50:31.113491+00	0		
631	166957	621	622	0	2014-05-14 16:39:54.654562+00	0		
632	166957	621	623	0	2014-05-14 16:39:54.654562+00	0		
605	166958	587	103	0	2019-10-20 12:32:46.31789+00	0		
1380	166958	98	1028	0	2021-01-22 14:25:11.269007+00	0		
707	166958	170	703	0	2015-02-26 11:10:52.423441+00	0		
590	166959	555	528	0	2021-01-24 09:55:49.041253+00	0		
396	166958	213	215	0	2014-08-03 13:13:28.357417+00	0		
677	166958	1015	680	0	2020-03-18 18:39:59.68364+00	0		
627	166958	610	318	0	2014-09-26 12:51:29.570975+00	0		
1023	166961	781	867	0	2017-05-25 16:28:03.219755+00	0		
485	166959	279	280	0	2017-05-30 19:49:50.209102+00	0		
398	166958	213	219	0	2014-08-03 13:13:28.357417+00	0		
1381	166958	1028	528	0	2021-01-24 09:55:49.041253+00	0		
630	166958	610	611	0	2014-09-26 12:52:00.195909+00	0		
1382	166958	1028	1029	0	2021-01-25 12:20:56.663073+00	0		
1117	166960	496	897	0	2018-02-03 19:06:09.995461+00	0		
405	166958	213	549	0	2014-08-03 13:13:28.357417+00	0		
1087	166958	659	892	0	2017-12-14 22:51:49.693576+00	0		
664	166958	170	665	0	2018-04-24 07:53:58.508627+00	0		
364	166958	650	15	0	2014-07-28 20:49:43.89518+00	0		
646	166958	650	651	0	2014-07-28 20:49:55.798932+00	0		
511	166958	345	414	0	2020-03-14 11:00:24.331418+00	0		
395	166958	213	214	0	2014-08-03 13:13:28.357417+00	0		
621	166958	591	143	0	2014-08-03 12:47:08.442578+00	0		
622	166958	591	592	0	2014-08-03 12:47:08.442578+00	0		
598	166958	586	491	0	2014-08-03 12:48:09.929209+00	0		
599	166958	586	589	0	2014-08-03 12:48:09.929209+00	0		
571	166958	461	455	0	2014-08-03 12:49:17.563154+00	0		
465	166958	268	328	0	2014-08-03 12:50:53.930522+00	0		
442	166959	245	87	0	2014-08-03 13:03:51.302662+00	0		
439	166959	244	245	0	2014-08-03 13:04:30.627804+00	0		
1383	166958	98	1030	0	2021-01-25 16:56:14.853763+00	0		
594	166958	585	457	0	2015-11-06 23:13:37.252498+00	0		
535	166958	367	167	0	2015-11-06 23:14:48.303854+00	0		
587	166958	531	532	0	2015-11-06 23:19:26.304866+00	0		
577	166960	475	537	0	2015-11-06 23:22:29.595043+00	0		
520	166958	345	573	0	2020-03-14 11:00:24.331418+00	0		
537	166958	378	553	0	2015-11-06 23:22:43.529069+00	0		
580	166958	587	535	0	2015-11-06 23:24:04.059289+00	0		
603	166958	587	577	0	2015-11-06 23:24:23.978676+00	0		
601	166958	587	475	0	2015-11-06 23:24:23.978676+00	0		
600	166958	587	378	0	2015-11-06 23:24:23.978676+00	0		
602	166958	587	480	0	2015-11-06 23:24:23.978676+00	0		
650	166958	1015	655	0	2020-03-18 18:43:44.896903+00	0		
588	166958	545	241	0	2014-08-03 13:07:38.918358+00	0		
397	166958	213	218	0	2014-08-03 13:13:28.357417+00	0		
400	166958	213	222	0	2014-08-03 13:13:28.357417+00	0		
156	166958	70	578	0	2014-08-03 13:16:43.199806+00	0		
157	166958	70	579	0	2014-08-03 13:16:43.199806+00	0		
158	166958	70	580	0	2014-08-03 13:16:43.199806+00	0		
647	166958	109	652	0	2014-08-03 13:31:49.270094+00	0		
648	166959	54	653	0	2014-08-03 13:44:02.380283+00	0		
1429	166958	252	768	0	2022-03-14 11:00:14.565516+00	0		
649	166958	653	654	0	2014-08-03 13:45:51.01382+00	0		
651	166960	472	655	0	2014-08-03 13:50:23.451196+00	0		
652	166960	71	655	0	2014-08-03 13:50:23.451196+00	0		
657	166958	653	660	0	2014-08-03 23:57:55.774689+00	0		
614	166958	658	399	0	2014-08-03 23:28:23.714773+00	0		
486	166958	170	302	0	2019-03-15 20:14:07.270033+00	0		
615	166958	658	430	0	2014-08-03 23:28:39.496906+00	0		
656	166958	658	659	0	2014-08-03 23:31:02.204853+00	0		
616	166958	658	462	0	2014-08-03 23:41:23.053399+00	0		
663	166958	58	664	0	2014-08-04 12:12:40.252741+00	0		
606	166958	658	104	0	2014-08-03 23:51:08.59699+00	0		
659	166958	32	662	0	2014-08-04 01:49:28.361845+00	0		
653	166958	68	656	0	2021-11-02 13:27:28.499705+00	0		
175	166958	1015	244	0	2020-03-18 19:24:28.9903+00	0		
665	166958	194	666	0	2014-08-04 17:46:12.754812+00	0		
240	166958	930	632	0	2018-06-14 01:10:42.251656+00	0		
668	166958	587	669	0	2014-08-04 22:30:25.68521+00	0		
669	166958	268	670	0	2014-08-04 22:44:27.975+00	0		
670	166958	587	671	0	2014-08-04 22:58:19.529876+00	0		
671	166958	587	672	0	2014-08-04 22:58:21.581829+00	0		
27	166958	8	572	0	2019-04-02 16:58:13.539846+00	0		
672	166958	587	673	0	2014-08-04 22:58:24.840673+00	0		
642	166958	1015	647	0	2020-03-18 19:25:02.397612+00	0		
673	166958	674	675	0	2014-08-05 12:37:30.169948+00	0		
575	166958	1015	543	0	2020-03-18 22:34:04.515043+00	0		
699	166958	1017	698	0	2020-03-19 00:21:18.634896+00	0		
636	166958	632	85	0	2014-08-05 12:33:11.629121+00	0		
259	166958	677	327	0	2014-09-02 11:17:15.803975+00	0		
300	166958	677	453	0	2014-09-02 11:18:12.314961+00	0		
674	166959	678	151	0	2014-09-16 09:51:38.511576+00	0		
675	166958	34	678	0	2014-09-16 09:51:48.326859+00	0		
676	166958	361	679	0	2014-09-26 09:54:29.00368+00	0		
678	166958	177	681	0	2014-09-26 10:21:15.934231+00	0		
679	166959	58	681	0	2014-09-26 10:21:15.934231+00	0		
42	166958	14	437	0	2014-09-26 12:22:27.693576+00	0		
680	166958	138	682	0	2014-09-26 10:32:13.131293+00	0		
55	166958	18	293	0	2014-09-26 10:34:22.02476+00	0		
562	166958	428	427	0	2014-09-26 10:36:33.046818+00	0		
560	166958	428	187	0	2014-09-26 10:36:33.046818+00	0		
639	345574	645	54	0	2017-02-28 10:12:21.675503+00	0		
626	166958	40	45	0	2018-08-29 20:10:17.370231+00	0		
634	166959	943	88	0	2018-12-12 19:31:01.161731+00	0		
1271	166959	572	7	0	2019-04-02 16:58:13.539846+00	0		
508	166961	414	346	0	2019-01-07 22:49:01.088202+00	0		
513	166961	414	416	0	2019-01-07 22:51:08.202445+00	0		
619	487344	956	581	0	2019-02-05 22:28:12.72923+00	0		
40	166958	14	173	0	2014-09-26 12:22:27.693576+00	0		
68	166958	24	154	0	2014-09-26 10:44:43.632761+00	0		
67	166958	24	35	0	2014-09-26 10:44:43.632761+00	0		
70	166958	24	202	0	2014-09-26 10:44:43.632761+00	0		
44	166958	14	484	0	2014-09-26 12:22:27.693576+00	0		
69	166958	24	201	0	2014-09-26 10:44:43.632761+00	0		
629	166958	610	547	0	2014-09-26 12:49:21.358847+00	0		
21	166958	4	590	0	2014-09-26 10:53:57.710628+00	0		
704	166958	674	701	0	2015-02-26 10:28:49.766548+00	0		
705	166958	959	349	0	2019-05-17 18:00:26.076158+00	0		
1379	166961	1027	899	0	2020-12-03 12:54:30.901597+00	0		
1384	166959	1030	1029	0	2021-01-25 16:56:14.853763+00	0		
681	166958	9	404	0	2014-09-26 11:02:26.959086+00	0		
416	166958	205	229	0	2015-02-26 19:04:39.128728+00	0		
32	166958	9	403	0	2014-09-26 11:09:49.739356+00	0		
1393	166959	1014	816	0	2021-08-15 20:27:47.331836+00	0		
1394	166959	523	656	0	2021-11-02 13:14:17.473489+00	0		
1396	166958	124	1034	0	2021-11-18 15:12:00.301226+00	0		
1397	166959	132	1034	0	2021-11-18 15:12:00.301226+00	0		
1341	166961	597	1006	0	2022-02-04 12:05:38.45438+00	0		
1430	166959	1030	66	0	2022-03-14 12:29:22.940777+00	0		
1431	166959	249	66	0	2022-03-14 12:29:22.940777+00	0		
741	166958	428	735	0	2022-03-15 13:15:50.389845+00	0		
721	166958	954	717	0	2019-03-06 16:00:36.776012+00	0		
727	166960	721	112	0	2015-03-02 01:45:57.345513+00	0		
729	166958	344	723	0	2015-03-02 01:52:00.305837+00	0		
730	166958	658	724	0	2015-03-02 02:10:21.152379+00	0		
1118	166958	3	897	0	2018-02-03 19:06:09.995461+00	0		
736	166958	61	730	0	2018-02-04 15:51:59.946398+00	0		
763	166958	954	755	0	2019-03-06 16:00:36.776012+00	0		
693	166961	59	693	0	2018-02-04 16:11:40.260911+00	0		
331	166958	954	340	0	2019-03-06 16:00:36.776012+00	0		
749	166960	116	743	0	2018-05-15 08:25:37.772836+00	0		
691	166958	141	468	0	2019-03-08 21:08:10.450111+00	0		
1122	166961	59	48	0	2018-02-04 16:11:40.260911+00	0		
734	166958	52	728	0	2015-03-03 13:24:47.791795+00	0		
703	166958	701	280	0	2018-06-14 00:55:37.329366+00	0		
462	166958	367	185	0	2015-03-03 18:18:24.318041+00	0		
739	166958	3	733	0	2015-03-04 11:30:29.693964+00	0		
719	166958	658	715	0	2015-03-01 12:24:13.564319+00	0		
723	166958	658	718	0	2015-03-01 15:36:41.78089+00	0		
1288	166958	969	970	0	2019-06-14 20:25:32.018129+00	0		
728	166958	658	722	0	2015-03-02 01:48:57.359267+00	0		
750	166961	943	744	0	2018-09-18 12:33:01.358131+00	0		
737	166958	344	731	0	2015-03-03 13:37:02.202588+00	0		
221	166958	100	367	0	2015-11-22 05:58:48.89666+00	0		
655	166958	100	658	0	2015-11-22 05:58:48.89666+00	0		
220	166958	100	344	0	2015-11-22 05:58:48.89666+00	0		
738	166958	3	732	0	2015-03-04 11:26:51.888966+00	0		
733	166961	914	727	0	2018-03-26 20:34:22.408109+00	0		
742	166958	701	736	0	2015-03-30 16:01:51.478938+00	0		
743	166958	137	737	0	2015-04-13 16:42:09.539253+00	0		
744	166958	3	738	0	2015-04-26 18:31:41.158068+00	0		
720	166958	98	716	0	2015-03-01 12:28:35.537884+00	0		
1291	166958	959	338	0	2019-07-05 11:12:19.993057+00	0		
722	166960	717	381	0	2015-03-01 15:32:44.76861+00	0		
241	166958	349	638	0	2019-07-05 20:58:34.19135+00	0		
732	166958	366	726	0	2015-03-02 13:03:53.688195+00	0		
745	166958	411	739	0	2015-11-01 17:03:32.236204+00	0		
347	166958	178	362	0	2015-11-01 18:56:40.825723+00	0		
747	166958	202	741	0	2015-11-01 19:03:12.562472+00	0		
378	166958	201	34	0	2015-11-01 19:05:29.796824+00	0		
748	166958	201	742	0	2015-11-01 19:05:53.172888+00	0		
731	166958	194	725	0	2019-03-12 20:51:07.981316+00	0		
746	166958	954	740	0	2019-08-14 22:51:36.068099+00	0		
756	166958	963	748	0	2019-03-15 20:37:04.032678+00	0		
1292	166961	365	973	0	2019-08-21 23:13:08.175684+00	0		
337	166958	959	526	0	2019-03-15 22:00:31.266939+00	0		
725	166958	959	720	0	2019-03-15 22:00:31.266939+00	0		
752	166960	746	48	0	2015-11-04 11:32:08.756735+00	0		
500	166958	344	188	0	2015-11-04 12:14:55.060064+00	0		
618	166958	587	536	0	2019-10-20 14:17:28.149472+00	0		
757	166958	3	749	0	2015-11-04 12:49:28.399756+00	0		
758	166958	98	750	0	2015-11-04 13:01:59.09959+00	0		
724	166958	587	719	0	2019-10-20 14:20:58.074872+00	0		
760	166958	137	752	0	2015-11-04 13:24:16.94016+00	0		
463	166958	268	265	0	2015-11-06 23:12:45.680241+00	0		
467	166958	268	584	0	2015-11-06 23:12:45.680241+00	0		
754	166958	658	747	0	2019-10-20 14:31:50.356812+00	0		
464	166958	268	305	0	2015-11-06 23:12:45.680241+00	0		
595	166958	585	495	0	2015-11-06 23:13:37.252498+00	0		
596	166958	585	557	0	2015-11-06 23:13:37.252498+00	0		
593	166958	585	377	0	2015-11-06 23:13:37.252498+00	0		
597	166958	585	558	0	2015-11-06 23:13:37.252498+00	0		
501	166958	344	263	0	2015-11-06 23:17:42.550591+00	0		
461	166958	263	607	0	2015-11-06 23:19:54.936495+00	0		
460	166958	263	531	0	2015-11-06 23:19:54.936495+00	0		
761	166958	102	753	0	2015-11-13 11:48:59.170035+00	0		
611	166958	959	336	0	2019-10-20 14:51:46.110103+00	0		
765	166958	756	757	0	2015-11-13 14:06:27.948717+00	0		
766	166958	756	758	0	2015-11-13 14:06:30.197524+00	0		
767	166958	61	759	0	2015-11-13 20:39:07.865656+00	0		
768	166958	514	760	0	2015-11-13 20:46:26.738306+00	0		
770	166958	35	762	0	2015-11-13 21:05:49.386738+00	0		
771	166958	124	763	0	2015-11-13 22:13:30.318157+00	0		
188	166961	1012	612	0	2020-02-26 22:44:10.602523+00	0		
181	166958	1015	467	0	2020-03-18 18:31:18.009643+00	0		
708	166958	1015	704	0	2020-03-18 18:40:45.888635+00	0		
710	166958	1015	706	0	2020-03-18 18:41:39.895466+00	0		
620	166958	100	639	0	2015-11-22 05:58:48.89666+00	0		
1034	166958	408	770	0	2017-07-31 20:26:09.70852+00	0		
624	166958	602	604	0	2017-05-02 15:37:39.330996+00	0		
769	166958	1015	761	0	2020-03-18 18:43:36.020708+00	0		
183	166961	943	476	0	2018-09-18 12:33:42.221692+00	0		
735	166958	1015	729	0	2020-03-18 19:37:23.039517+00	0		
709	166958	1015	705	0	2020-03-18 19:38:48.686408+00	0		
322	166958	953	159	0	2019-02-04 16:21:33.629956+00	0		
718	166958	84	714	0	2020-03-18 19:49:09.542682+00	0		
726	166958	953	721	0	2019-02-04 16:29:27.617015+00	0		
753	166958	1015	746	0	2020-03-18 19:52:49.329085+00	0		
751	166958	58	745	0	2020-03-18 19:54:34.358682+00	0		
697	166958	229	696	0	2020-03-18 23:11:26.314265+00	0		
412	166958	1018	74	0	2020-03-19 00:19:36.015406+00	0		
179	166960	71	463	0	2019-11-24 05:20:08.177139+00	0		
423	166958	1015	71	0	2020-03-18 18:16:26.060338+00	0		
778	166958	1015	766	0	2020-03-18 18:31:42.958905+00	0		
845	166958	1015	802	0	2020-03-18 18:32:32.908569+00	0		
849	166958	1015	262	0	2020-03-18 18:42:22.515395+00	0		
223	166958	100	586	0	2015-11-22 05:58:48.89666+00	0		
219	166958	100	268	0	2015-11-22 05:58:48.89666+00	0		
222	166958	100	585	0	2015-11-22 05:58:48.89666+00	0		
772	166960	764	131	0	2015-12-03 06:52:49.252309+00	0		
1385	166958	98	1031	0	2021-02-08 16:16:13.369983+00	0		
272	166958	131	509	0	2015-12-03 06:57:52.533836+00	0		
774	166958	232	131	0	2015-12-03 06:57:52.533836+00	0		
203	166958	944	251	0	2021-02-08 16:55:33.039824+00	0		
776	166958	701	765	0	2015-12-15 09:25:02.671327+00	0		
777	166959	234	766	0	2015-12-27 09:18:57.580353+00	0		
1386	166958	1031	1032	0	2021-02-08 18:19:30.898601+00	0		
654	166961	68	657	0	2021-11-02 13:20:22.105791+00	0	banjo-family	
780	166958	124	767	0	2016-01-08 22:37:37.46086+00	0		
779	166959	767	166	0	2021-03-09 14:39:49.21086+00	0		
782	166960	770	431	0	2016-06-03 18:50:13.147037+00	0		
783	166958	8	770	0	2016-06-03 18:50:13.147037+00	0		
784	166960	771	72	0	2016-06-03 19:01:43.7109+00	0		
1342	166961	597	1007	0	2022-02-04 12:05:38.45438+00	0		
788	166958	252	773	0	2016-07-11 08:39:06.082572+00	0		
789	166960	773	77	0	2016-07-11 08:39:06.082572+00	0		
790	166960	86	773	0	2016-07-11 08:39:06.082572+00	0		
791	166959	124	774	0	2016-07-11 09:38:38.055726+00	0		
792	166960	775	774	0	2016-07-11 11:50:08.590807+00	0		
793	166958	729	776	0	2016-07-14 21:34:56.465597+00	0		
232	166958	958	369	0	2019-02-06 00:28:27.698905+00	0		
1259	166959	502	185	0	2019-02-12 20:35:50.619892+00	0		
815	166960	782	787	0	2017-05-16 20:38:47.542693+00	0		
1260	166958	953	960	0	2019-02-27 17:30:43.4721+00	0		
1261	166958	100	591	0	2019-03-05 19:50:21.383556+00	0		
445	166958	252	130	0	2016-07-21 13:02:23.935787+00	0		
271	166959	130	175	0	2016-07-21 13:02:23.935787+00	0		
111	166958	46	252	0	2016-07-21 13:03:25.971685+00	0		
447	166958	252	183	0	2016-07-21 13:03:25.971685+00	0		
448	166958	252	253	0	2016-07-21 13:03:25.971685+00	0		
444	166958	252	77	0	2016-07-21 13:03:25.971685+00	0		
446	166958	252	137	0	2016-07-21 13:03:25.971685+00	0		
109	166958	46	205	0	2016-07-21 13:07:43.016537+00	0		
110	166958	46	232	0	2016-07-21 13:07:43.016537+00	0		
150	166958	46	65	0	2016-07-21 13:08:16.008898+00	0		
425	166958	232	84	0	2016-07-21 13:09:54.214893+00	0		
426	166958	232	98	0	2016-07-21 13:09:54.214893+00	0		
801	166960	44	780	0	2016-07-21 13:41:09.070766+00	0		
802	166958	40	780	0	2016-07-21 13:50:23.534887+00	0		
805	166961	781	783	0	2016-07-21 15:25:54.17725+00	0		
806	166958	650	783	0	2016-07-21 15:26:52.516614+00	0		
1289	166958	969	971	0	2019-06-14 21:12:42.264475+00	0		
808	166961	781	784	0	2016-07-21 15:32:46.804153+00	0		
809	166961	781	785	0	2016-07-21 15:40:02.214418+00	0		
607	166958	587	105	0	2019-10-20 12:29:42.436761+00	0		
764	166958	587	756	0	2019-10-20 14:19:16.082368+00	0		
812	166961	781	786	0	2016-07-21 15:43:55.966908+00	0		
813	166961	781	787	0	2016-07-21 15:49:31.008998+00	0		
617	166958	367	525	0	2019-10-20 14:23:15.218379+00	0		
775	166959	765	285	0	2018-04-24 10:15:05.361013+00	0		
817	166961	781	788	0	2016-07-21 16:35:14.760156+00	0		
800	345574	778	44	0	2018-08-29 16:26:18.616151+00	0		
327	166958	675	279	0	2018-06-14 01:25:42.527353+00	0		
820	166961	781	789	0	2016-07-21 16:51:21.438479+00	0		
608	166958	658	186	0	2019-10-20 14:23:48.834885+00	0		
822	166961	781	790	0	2016-07-21 17:11:11.76178+00	0		
823	166961	781	791	0	2016-07-21 17:21:19.791049+00	0		
612	166958	658	379	0	2019-10-20 14:29:10.265229+00	0		
825	166961	781	792	0	2016-07-21 17:24:44.113071+00	0		
842	166958	35	801	0	2018-03-26 12:06:04.150745+00	0		
803	166961	781	782	0	2016-07-23 16:01:37.86445+00	0		
610	166958	658	333	0	2019-10-20 14:31:36.01295+00	0		
826	166958	259	793	0	2016-08-06 16:37:32.146557+00	0		
827	166959	260	132	0	2016-08-06 16:53:25.523983+00	0		
828	166959	794	793	0	2016-08-06 20:26:54.17149+00	0		
831	166958	131	797	0	2016-08-07 23:42:21.826508+00	0		
832	166960	797	509	0	2016-08-07 23:42:21.826508+00	0		
834	166958	137	798	0	2016-08-16 14:07:34.280153+00	0		
835	166958	252	798	0	2016-08-16 14:07:34.280153+00	0		
836	166958	797	799	0	2016-08-24 09:32:05.541821+00	0		
838	166958	131	799	0	2016-08-24 10:11:46.061513+00	0		
1235	166959	55	246	0	2018-12-15 21:29:29.080744+00	0		
1236	166958	77	287	0	2019-01-07 15:49:08.711781+00	0		
841	166958	35	800	0	2016-08-31 02:16:47.394958+00	0		
804	166958	14	782	0	2019-01-07 23:06:22.480884+00	0		
786	166958	1015	771	0	2020-03-18 19:22:54.169284+00	0		
844	166959	800	801	0	2016-09-06 00:47:11.127819+00	0		
847	166959	802	262	0	2016-09-10 19:50:04.499573+00	0		
850	166958	237	803	0	2016-10-06 22:50:58.990164+00	0		
60	166958	19	20	0	2016-10-14 08:07:01.15695+00	0		
62	166958	19	22	0	2016-10-14 08:07:01.15695+00	0		
818	166958	35	788	0	2018-03-26 14:58:47.024074+00	0		
819	166958	35	789	0	2018-03-26 14:59:15.083897+00	0		
855	166958	194	805	0	2016-10-25 15:41:46.277818+00	0		
781	166958	1015	768	0	2020-03-18 19:23:06.255307+00	0		
857	166958	104	806	0	2016-10-25 15:55:24.232443+00	0		
858	166960	806	263	0	2016-10-25 15:55:24.232443+00	0		
428	166958	1015	575	0	2020-03-18 19:23:17.205405+00	0		
814	166958	14	787	0	2019-01-07 23:12:05.650979+00	0		
851	166958	1015	803	0	2020-03-18 19:23:38.684385+00	0		
863	166958	809	810	0	2016-11-01 17:44:15.940391+00	0		
796	345574	778	41	0	2017-02-28 10:11:56.712559+00	0		
795	345574	778	43	0	2017-02-28 10:11:56.712559+00	0		
799	345574	779	131	0	2017-03-21 16:35:40.645562+00	0		
824	166958	153	791	0	2017-05-11 19:25:47.387393+00	0		
860	487344	807	806	0	2018-04-26 08:15:20.950317+00	0		
859	487344	807	805	0	2018-04-26 08:15:20.950317+00	0		
810	166958	14	785	0	2019-01-07 23:15:54.336805+00	0		
422	166958	1015	52	0	2020-03-18 19:38:21.450591+00	0		
1026	166958	650	868	0	2019-01-07 23:36:38.413959+00	0		
1237	166959	744	323	0	2019-01-08 15:19:58.559765+00	0		
797	166958	1015	779	0	2020-03-18 19:55:16.71983+00	0		
424	166958	58	73	0	2020-03-18 22:31:21.13335+00	0		
861	166958	80	809	0	2020-03-19 22:45:07.061828+00	0	mouth harp	
168	166958	80	533	0	2020-03-19 23:16:24.382978+00	0	mouth harp	
864	166958	809	811	0	2016-11-01 17:47:49.546062+00	0		
865	166958	344	812	0	2016-11-02 17:15:18.288432+00	0		
255	166958	447	125	0	2016-11-03 12:24:49.99406+00	0		
1290	166958	969	972	0	2019-06-14 21:22:10.089468+00	0		
866	166959	135	447	0	2016-11-03 12:50:59.341271+00	0		
564	166958	447	448	0	2016-11-03 13:04:41.028327+00	0		
867	166958	813	808	0	2016-11-03 13:37:31.732163+00	0		
868	166958	813	277	0	2016-11-03 13:37:31.732163+00	0		
869	166958	813	134	0	2016-11-03 13:37:31.732163+00	0		
870	166958	813	278	0	2016-11-03 13:37:31.732163+00	0		
871	166959	813	124	0	2016-11-03 13:37:31.732163+00	0		
830	166960	795	85	0	2016-11-04 16:00:46.761584+00	0		
829	166958	632	795	0	2016-11-04 16:00:46.761584+00	0		
872	166958	813	814	0	2016-11-10 15:07:00.246776+00	0		
873	166959	121	814	0	2016-11-10 15:07:00.246776+00	0		
874	166958	813	815	0	2016-11-10 16:37:23.279482+00	0		
553	166959	408	8	0	2020-10-20 14:00:24.178985+00	0		
1347	166958	944	612	0	2021-02-08 16:21:03.092386+00	0		
877	166958	729	817	0	2016-11-22 22:34:38.618308+00	0		
1293	166960	973	969	0	2019-08-21 23:13:08.175684+00	0		
879	166960	729	68	0	2016-11-22 22:55:48.815145+00	0		
880	166958	513	818	0	2016-11-23 15:45:22.631123+00	0		
881	166959	819	234	0	2016-11-23 19:48:51.416889+00	0		
552	166958	3	548	0	2020-10-20 14:20:49.218757+00	0		
1025	166958	954	777	0	2019-03-06 16:00:36.776012+00	0		
884	166958	408	821	0	2017-01-02 19:37:14.832809+00	0		
885	166958	3	821	0	2017-01-02 19:37:14.832809+00	0		
882	166958	1015	819	0	2020-03-18 18:15:28.925079+00	0		
644	166958	3	649	0	2017-01-02 20:02:22.888534+00	0		
1304	166961	365	980	0	2019-09-20 15:33:53.666334+00	0		
1252	166958	674	954	0	2019-03-06 16:00:36.776012+00	0		
1257	166958	675	959	0	2019-03-15 22:00:31.266939+00	0		
892	166960	825	824	0	2017-01-08 01:09:05.101774+00	0		
301	166958	930	464	0	2018-06-14 01:11:10.239964+00	0		
895	166960	238	766	0	2017-01-08 02:00:48.788155+00	0		
896	166960	600	766	0	2017-01-08 02:02:21.085249+00	0		
433	166960	238	600	0	2017-01-08 02:04:37.147755+00	0		
434	166960	238	601	0	2017-01-08 02:04:37.147755+00	0		
897	166960	72	601	0	2017-01-08 02:06:07.511353+00	0		
898	166960	825	826	0	2017-01-10 22:16:02.97451+00	0		
899	166960	824	826	0	2017-01-10 22:16:02.97451+00	0		
907	166958	1015	828	0	2020-03-18 18:15:41.403719+00	0		
902	166960	826	827	0	2017-01-11 01:15:54.862228+00	0		
903	166960	824	827	0	2017-01-11 01:15:54.862228+00	0		
904	166960	825	827	0	2017-01-11 01:15:54.862228+00	0		
950	166958	610	840	0	2019-10-04 21:12:47.070944+00	0		
952	166959	44	840	0	2018-08-29 16:26:18.616151+00	0		
909	166960	828	824	0	2017-01-12 00:37:11.185852+00	0		
910	166960	828	826	0	2017-01-12 00:37:11.185852+00	0		
911	166960	828	825	0	2017-01-12 00:37:11.185852+00	0		
912	166960	828	827	0	2017-01-12 00:37:11.185852+00	0		
887	487344	822	821	0	2019-04-16 10:42:02.935411+00	0		
22	166958	8	7	0	2017-01-17 12:19:29.3912+00	0		
888	487344	822	100	0	2019-04-16 10:42:02.935411+00	0		
916	166958	3	7	0	2017-01-17 12:19:29.3912+00	0		
852	345574	804	397	0	2017-01-20 12:36:04.555331+00	0		
853	345574	804	19	0	2017-01-20 12:36:04.555331+00	0		
918	166959	830	824	0	2017-01-25 19:50:23.093503+00	0		
921	345574	831	68	0	2017-02-23 17:35:12.662902+00	0		
922	345574	831	72	0	2017-02-23 17:35:12.662902+00	0		
923	166960	410	831	0	2017-02-23 17:35:12.662902+00	0		
640	345574	645	89	0	2017-02-28 10:12:21.675503+00	0		
924	345574	742	33	0	2017-02-28 10:12:57.782773+00	0		
925	345574	742	29	0	2017-02-28 10:12:57.782773+00	0		
927	345574	832	89	0	2017-03-11 16:25:36.907556+00	0		
928	345574	832	68	0	2017-03-11 16:25:36.907556+00	0		
930	345574	396	177	0	2017-03-11 16:31:02.691753+00	0		
931	345574	833	71	0	2017-03-11 19:23:16.107082+00	0		
932	345574	833	177	0	2017-03-11 19:23:16.107082+00	0		
934	345574	834	482	0	2017-03-20 18:04:29.360283+00	0		
935	345574	834	62	0	2017-03-20 18:04:29.360283+00	0		
937	345574	835	55	0	2017-03-21 05:54:34.595984+00	0		
938	345574	835	447	0	2017-03-21 05:54:34.595984+00	0		
274	166958	133	136	0	2017-03-21 06:11:40.0036+00	0		
940	166959	136	447	0	2017-03-21 06:11:40.0036+00	0		
941	166959	347	447	0	2017-03-21 06:12:06.62578+00	0		
798	345574	779	660	0	2017-03-21 16:35:40.645562+00	0		
942	345574	836	55	0	2017-03-21 20:46:27.501453+00	0		
943	345574	836	72	0	2017-03-21 20:46:27.501453+00	0		
945	166958	42	837	0	2017-03-21 22:06:41.179137+00	0		
946	166958	42	838	0	2017-03-21 22:32:13.719353+00	0		
947	166958	838	193	0	2017-03-21 22:32:13.719353+00	0		
948	345574	839	837	0	2017-03-21 22:39:59.70077+00	0		
949	345574	839	838	0	2017-03-21 22:39:59.70077+00	0		
890	166958	1015	824	0	2020-03-18 18:15:58.9227+00	0		
951	166958	778	840	0	2017-04-04 02:40:25.586278+00	0		
1309	166958	983	193	0	2019-10-04 21:20:03.088094+00	0		
953	166958	42	839	0	2017-04-04 02:48:58.809956+00	0		
883	166961	414	820	0	2019-01-07 22:50:35.861536+00	0		
893	166958	1015	825	0	2020-03-18 18:16:41.810134+00	0		
933	166958	1015	833	0	2020-03-18 18:16:51.6931+00	0		
184	166958	1015	477	0	2020-03-18 18:31:26.634466+00	0		
955	166960	139	841	0	2017-04-04 03:24:24.599405+00	0		
958	166959	842	774	0	2017-04-04 14:33:05.962693+00	0		
959	166958	137	842	0	2017-04-04 14:33:05.962693+00	0		
960	166960	805	843	0	2017-04-05 13:05:02.255534+00	0		
961	166958	194	843	0	2017-04-05 13:05:02.255534+00	0		
900	166958	1015	826	0	2020-03-18 18:31:59.05835+00	0		
963	166959	843	844	0	2017-04-05 15:12:09.84141+00	0		
964	166959	844	197	0	2017-04-05 15:12:09.84141+00	0		
965	166958	843	845	0	2017-04-05 20:53:40.692013+00	0		
906	166958	1015	827	0	2020-03-18 18:32:11.773216+00	0		
954	166959	841	129	0	2018-04-23 15:13:07.011966+00	0		
914	166958	1015	829	0	2020-03-18 18:32:46.764162+00	0		
913	166960	829	88	0	2019-01-17 16:42:08.032482+00	0		
1244	166959	947	946	0	2019-01-24 00:06:16.252396+00	0		
1248	166958	369	949	0	2019-01-31 13:35:11.811868+00	0		
1250	166961	949	952	0	2019-02-01 08:34:43.482792+00	0		
875	166958	1015	816	0	2020-03-18 18:33:23.570002+00	0		
917	166958	1015	830	0	2020-03-18 18:42:50.635984+00	0		
944	166958	1015	836	0	2020-03-18 18:43:03.435648+00	0		
919	166958	1015	410	0	2020-03-18 18:43:23.365645+00	0		
920	166958	1015	831	0	2020-03-18 18:43:58.148081+00	0		
929	166958	1015	832	0	2020-03-18 18:44:31.472113+00	0		
926	166958	1015	645	0	2020-03-18 19:38:08.977481+00	0		
740	166958	84	734	0	2020-03-18 19:55:32.964668+00	0		
936	166958	1017	834	0	2020-03-19 00:47:29.544697+00	0		
1238	166958	180	884	0	2019-01-08 19:27:34.623801+00	0		
637	166958	464	633	0	2018-06-14 01:12:08.852266+00	0		
968	166958	194	845	0	2017-04-05 20:53:40.692013+00	0		
969	166959	845	846	0	2017-04-05 21:11:36.441647+00	0		
1088	166958	658	892	0	2017-12-14 22:59:47.586209+00	0		
971	166958	361	847	0	2017-04-08 11:45:04.116157+00	0		
972	166959	359	848	0	2017-04-08 21:42:09.159811+00	0		
998	166960	854	325	0	2021-02-03 16:25:40.544485+00	0		
974	166959	850	503	0	2017-04-09 14:32:38.522726+00	0		
1395	166958	656	657	0	2021-11-02 13:27:28.499705+00	0		
1343	166961	597	1008	0	2022-02-04 12:05:38.45438+00	0		
977	166958	367	851	0	2017-04-09 17:48:27.960789+00	0		
1269	166961	597	964	0	2022-02-04 12:05:38.45438+00	0		
979	166960	507	395	0	2017-04-18 19:56:55.550035+00	0		
980	166960	776	81	0	2017-04-18 22:30:26.666313+00	0		
878	166959	776	817	0	2017-04-18 22:32:20.937395+00	0		
1054	166958	587	875	0	2019-10-20 14:24:18.955042+00	0		
1241	166961	1012	945	0	2020-02-26 22:51:48.033077+00	0		
984	166958	117	853	0	2017-05-02 15:06:16.360546+00	0		
1089	166960	423	424	0	2017-12-16 01:11:22.435101+00	0		
1032	166958	3	869	0	2017-07-31 15:36:51.358304+00	0		
1029	166958	408	869	0	2017-07-31 20:26:09.70852+00	0		
988	166960	603	604	0	2017-05-02 15:25:40.546101+00	0		
1035	166958	408	431	0	2017-07-31 20:26:09.70852+00	0		
990	166958	124	450	0	2017-05-02 15:30:04.719042+00	0		
991	166960	813	400	0	2017-05-02 15:30:42.682015+00	0		
992	166960	124	122	0	2017-05-02 15:32:37.296904+00	0		
993	166960	409	281	0	2017-05-02 15:37:03.609273+00	0		
623	166958	602	603	0	2017-05-02 15:37:16.682925+00	0		
1036	166958	3	408	0	2017-07-31 20:28:24.680244+00	0		
1090	166960	423	422	0	2017-12-16 01:14:10.129607+00	0		
1038	166960	770	869	0	2017-07-31 20:47:10.635682+00	0		
994	166958	124	374	0	2017-05-02 15:51:45.32834+00	0		
200	166959	97	68	0	2017-05-03 21:56:59.514115+00	0		
995	166958	729	854	0	2017-05-03 22:06:20.693096+00	0		
997	166959	854	68	0	2017-05-03 22:06:20.693096+00	0		
999	166960	97	854	0	2017-05-03 22:06:20.693096+00	0		
1000	166958	805	855	0	2017-05-04 15:38:39.362564+00	0		
1001	166958	194	855	0	2017-05-04 15:38:39.362564+00	0		
1039	166958	3	870	0	2017-08-01 21:28:24.806387+00	0		
1003	166958	200	856	0	2017-05-09 22:13:15.035234+00	0		
1002	166961	781	856	0	2017-05-09 22:47:47.220225+00	0		
506	166958	345	17	0	2020-03-14 11:00:24.331418+00	0		
1005	166961	781	857	0	2017-05-10 18:24:36.94072+00	0		
1071	166959	883	1014	0	2020-03-16 17:59:45.303174+00	0	kabuli rabab	
1007	166961	781	858	0	2017-05-10 18:28:14.508519+00	0		
1008	166961	781	859	0	2017-05-10 21:41:47.756878+00	0		
1010	166961	781	860	0	2017-05-10 22:38:25.648229+00	0		
1011	166958	73	860	0	2017-05-10 22:38:25.648229+00	0		
1012	166961	781	861	0	2017-05-11 14:39:23.062773+00	0		
1013	166958	789	861	0	2017-05-11 14:39:23.062773+00	0		
1014	166961	781	862	0	2017-05-11 17:47:21.519003+00	0		
1040	166958	408	870	0	2017-08-01 21:28:24.806387+00	0		
1041	166960	869	870	0	2017-08-01 21:28:24.806387+00	0		
1043	166960	869	871	0	2017-08-03 19:17:21.345778+00	0		
1044	166958	3	871	0	2017-08-03 19:17:21.345778+00	0		
1045	166958	408	871	0	2017-08-03 19:17:21.345778+00	0		
1046	166959	870	871	0	2017-08-03 19:17:21.345778+00	0		
1048	166960	872	424	0	2017-08-24 09:26:35.739324+00	0		
1049	166960	872	423	0	2017-08-24 09:26:35.739324+00	0		
1050	166960	872	422	0	2017-08-24 09:26:35.739324+00	0		
1262	166958	2	591	0	2019-03-05 19:50:21.383556+00	0		
1055	166959	874	875	0	2017-09-09 17:13:07.829445+00	0		
556	166961	421	422	0	2018-02-27 21:29:04.323132+00	0		
123	166958	53	54	0	2017-09-09 18:37:07.561246+00	0		
121	166958	53	157	0	2017-09-09 18:37:07.561246+00	0		
122	166958	53	539	0	2017-09-09 18:37:07.561246+00	0		
1057	166960	876	634	0	2017-09-12 21:37:34.646339+00	0		
1058	166958	180	876	0	2017-09-12 21:37:34.646339+00	0		
1267	166958	959	963	0	2019-03-15 22:00:31.266939+00	0		
1061	166958	131	879	0	2017-10-24 22:46:02.570114+00	0		
1062	166958	509	879	0	2017-10-24 22:46:02.570114+00	0		
1063	166960	879	799	0	2017-10-24 22:46:02.570114+00	0		
1064	166961	747	880	0	2017-10-25 18:02:46.414958+00	0		
1065	166961	747	881	0	2017-10-25 18:29:38.079765+00	0		
1066	166961	747	882	0	2017-10-25 18:38:51.921481+00	0		
1067	166960	206	482	0	2017-10-31 17:46:10.622035+00	0		
1069	166959	239	883	0	2017-11-09 19:08:06.895179+00	0		
1073	166960	815	814	0	2017-11-23 17:42:16.458496+00	0		
1074	166958	77	885	0	2017-12-04 14:04:52.665184+00	0		
1075	166959	254	885	0	2017-12-04 14:04:52.665184+00	0		
1076	166958	98	886	0	2017-12-04 16:35:04.12778+00	0		
1077	166959	484	887	0	2017-12-05 21:20:50.502253+00	0		
1078	166960	173	887	0	2017-12-05 21:20:50.502253+00	0		
1079	166960	492	887	0	2017-12-05 21:20:50.502253+00	0		
1081	166960	234	704	0	2017-12-10 18:58:32.566651+00	0		
1091	166960	424	422	0	2017-12-16 01:14:10.129607+00	0		
1070	345574	816	1014	0	2020-03-16 18:48:35.518595+00	0		
1093	166960	872	893	0	2017-12-16 01:18:17.812491+00	0		
1094	166960	424	893	0	2017-12-16 01:18:17.812491+00	0		
1095	166960	423	893	0	2017-12-16 01:18:17.812491+00	0		
1096	166960	422	893	0	2017-12-16 01:18:17.812491+00	0		
1072	166958	1015	883	0	2020-03-18 18:40:14.294471+00	0		
981	166958	1015	776	0	2020-03-18 19:22:35.828885+00	0		
112	166959	48	49	0	2017-12-16 02:10:02.992085+00	0		
1098	166960	49	212	0	2017-12-16 02:30:13.985209+00	0		
148	166959	62	212	0	2017-12-16 02:31:00.343167+00	0		
643	166959	63	648	0	2017-12-16 02:33:02.595157+00	0		
1099	166960	648	212	0	2017-12-16 02:33:02.595157+00	0		
1100	166960	648	49	0	2017-12-16 02:33:02.595157+00	0		
1056	452720	101	875	0	2017-12-17 13:56:46.842175+00	0		
231	166958	904	109	0	2018-03-08 18:30:54.740056+00	0		
1051	166958	369	357	0	2018-03-13 21:45:14.832945+00	0		
996	166958	1015	854	0	2020-03-18 19:39:10.217745+00	0		
1059	166958	35	877	0	2018-03-21 20:12:28.817429+00	0		
978	166958	252	852	0	2018-03-24 20:29:41.987819+00	0		
1080	166958	35	888	0	2018-03-26 12:05:44.5509+00	0		
966	166960	805	845	0	2018-03-28 14:33:29.695439+00	0		
976	166958	1019	850	0	2020-03-19 01:30:17.827246+00	0		
1009	166958	80	859	0	2020-03-19 23:16:24.382978+00	0	mouth harp	
975	166958	239	850	0	2020-03-22 19:35:52.875354+00	0		
138	166959	60	208	0	2017-12-16 02:34:56.670864+00	0		
1101	166960	208	49	0	2017-12-16 02:34:56.670864+00	0		
1102	166960	208	212	0	2017-12-16 02:34:56.670864+00	0		
1103	166960	208	648	0	2017-12-16 02:34:56.670864+00	0		
547	345574	394	423	0	2018-01-08 19:00:33.104827+00	0		
227	166959	101	402	0	2017-12-16 03:35:04.014352+00	0		
1104	166961	101	454	0	2017-12-16 03:35:04.014352+00	0		
1105	166961	101	104	0	2017-12-16 03:35:04.014352+00	0		
1106	166961	101	462	0	2017-12-16 03:35:04.014352+00	0		
1107	166961	101	430	0	2017-12-16 03:35:04.014352+00	0		
1189	166959	913	914	0	2019-05-28 19:27:49.440753+00	0		
1109	166960	183	894	0	2017-12-16 04:16:23.489723+00	0		
1110	166960	183	253	0	2017-12-16 04:23:35.126864+00	0		
1111	166958	83	895	0	2017-12-16 18:43:53.327542+00	0		
226	452720	101	320	0	2017-12-17 14:00:00.518546+00	0		
1112	452720	101	158	0	2017-12-17 14:03:41.913956+00	0		
492	166958	954	113	0	2019-03-06 16:00:36.776012+00	0		
338	166958	338	637	0	2018-05-15 08:28:33.469424+00	0		
437	166959	545	240	0	2018-01-01 21:20:23.571063+00	0		
493	166958	954	335	0	2019-03-06 16:00:36.776012+00	0		
701	166958	954	700	0	2019-03-06 16:00:36.776012+00	0		
334	166958	338	497	0	2018-05-15 08:28:45.176958+00	0		
1114	166958	83	394	0	2018-01-08 19:00:33.104827+00	0		
1188	166959	913	521	0	2019-05-28 19:33:36.08747+00	0		
1123	166961	898	209	0	2018-02-04 16:44:08.989028+00	0		
1124	166961	898	210	0	2018-02-04 16:44:08.989028+00	0		
1125	166961	898	174	0	2018-02-04 16:44:08.989028+00	0		
1126	166961	898	615	0	2018-02-04 16:44:08.989028+00	0		
155	166958	68	523	0	2021-11-02 13:28:26.468301+00	0		
1344	166961	597	1009	0	2022-02-04 12:05:38.45438+00	0		
1175	166961	365	597	0	2019-11-22 04:43:12.046459+00	0		saron
1195	166961	899	916	0	2018-04-04 18:16:42.605143+00	0		
1131	166959	420	48	0	2018-02-04 18:26:48.71205+00	0		
1295	166958	170	974	0	2019-08-25 20:19:14.817299+00	0		
1134	166959	900	60	0	2018-02-04 23:01:29.164812+00	0		
1119	166959	63	693	0	2018-02-04 23:16:55.338387+00	0		
1137	166959	81	901	0	2018-02-08 22:56:47.326713+00	0		
1047	166961	421	872	0	2018-02-27 21:29:04.323132+00	0		
558	166961	421	424	0	2018-02-27 21:29:04.323132+00	0		
1092	166961	421	893	0	2018-02-27 21:29:04.323132+00	0		
1138	166958	179	902	0	2018-03-07 17:41:11.067519+00	0		
1139	166958	902	668	0	2018-03-07 17:41:11.067519+00	0		
666	166958	902	667	0	2018-03-07 17:41:45.10965+00	0		
1140	166958	104	903	0	2018-03-07 20:16:45.945567+00	0		
1204	166959	918	135	0	2019-11-04 09:25:09.728294+00	0		
484	166958	953	276	0	2019-03-15 20:12:57.700676+00	0		
1144	166960	109	461	0	2018-03-08 18:30:54.740056+00	0		
317	166958	904	107	0	2018-03-08 18:51:49.460774+00	0		
1145	166958	369	905	0	2018-03-13 21:46:07.251377+00	0		
1146	166958	213	216	0	2018-03-14 13:10:52.662014+00	0		
1147	166958	213	217	0	2018-03-14 13:37:06.288516+00	0		
1148	345574	219	60	0	2018-03-14 16:02:45.006444+00	0		
1149	345574	219	213	0	2018-03-14 16:02:45.006444+00	0		
1174	166960	822	807	0	2018-06-14 20:29:28.549736+00	0		
1150	166959	625	222	0	2018-03-14 16:40:03.801267+00	0		
1151	166960	906	707	0	2018-03-15 00:02:02.026798+00	0		
1152	166959	244	907	0	2018-03-15 00:21:48.057677+00	0		
1153	166958	213	907	0	2018-03-15 00:21:48.057677+00	0		
1154	166959	213	906	0	2018-03-16 14:26:05.282651+00	0		
1155	166958	87	223	0	2018-03-16 14:39:16.910762+00	0		
1221	166959	503	932	0	2020-03-17 18:56:11.321992+00	0		
1198	166959	262	660	0	2018-08-26 14:59:57.208845+00	0		
1159	166958	99	674	0	2018-03-19 19:26:25.924101+00	0		
1160	166960	59	899	0	2018-03-19 20:14:57.951012+00	0		
1161	166959	262	899	0	2018-03-19 20:19:05.048645+00	0		
1162	166961	909	772	0	2018-03-19 20:38:05.970938+00	0		
1163	166961	909	847	0	2018-03-19 20:38:05.970938+00	0		
1164	166961	909	855	0	2018-03-19 20:38:05.970938+00	0		
1165	166961	909	770	0	2018-03-19 20:38:05.970938+00	0		
1166	166961	909	806	0	2018-03-19 20:38:05.970938+00	0		
1167	166961	909	263	0	2018-03-19 20:38:05.970938+00	0		
119	166958	52	439	0	2018-03-19 20:53:40.990145+00	0		
1136	166958	1015	901	0	2020-03-18 19:22:19.866174+00	0		
117	166958	52	261	0	2018-03-19 20:53:40.990145+00	0		
114	166958	52	90	0	2018-03-19 20:53:40.990145+00	0		
113	166958	52	89	0	2018-03-19 20:53:40.990145+00	0		
1168	166961	910	824	0	2018-03-19 21:42:07.937028+00	0		
1169	166961	910	828	0	2018-03-19 21:42:07.937028+00	0		
1170	166961	910	826	0	2018-03-19 21:42:07.937028+00	0		
1171	166961	910	825	0	2018-03-19 21:42:07.937028+00	0		
1172	166961	910	827	0	2018-03-19 21:42:07.937028+00	0		
1173	166959	830	910	0	2018-03-19 21:42:07.937028+00	0		
115	166961	52	177	0	2018-12-15 21:34:15.103033+00	0		
1177	166958	40	204	0	2018-03-21 20:14:16.558255+00	0		
126	166959	55	538	0	2018-12-15 21:38:01.296014+00	0		
1179	166958	3	884	0	2019-01-08 19:27:34.623801+00	0		
1199	166960	488	519	0	2020-03-26 15:58:18.249322+00	0		
1143	166958	271	164	0	2019-02-06 00:00:38.218143+00	0		
1141	166958	958	904	0	2019-02-06 00:11:53.439582+00	0		
1183	345574	912	131	0	2018-03-26 11:11:40.605446+00	0		
1184	345574	912	136	0	2018-03-26 11:11:40.605446+00	0		
1185	166959	522	30	0	2018-03-26 12:31:55.998733+00	0		
1186	166958	35	861	0	2018-03-26 14:59:47.437822+00	0		
1187	166958	35	913	0	2018-03-26 16:48:54.823495+00	0		
1132	166961	61	899	0	2020-03-19 11:21:59.803376+00	0	fiddle family	
1190	166961	914	33	0	2018-03-26 20:36:22.01283+00	0		
1191	166959	626	25	0	2018-03-26 20:43:44.219255+00	0		
1196	166959	917	54	0	2018-04-04 23:35:17.932803+00	0		
1197	166961	52	917	0	2018-04-04 23:35:17.932803+00	0		
1202	345574	605	488	0	2018-04-05 00:59:10.569295+00	0		
1158	487344	908	60	0	2018-04-26 08:13:36.765832+00	0		
1192	487344	915	60	0	2018-04-26 08:15:15.787275+00	0		
1194	487344	915	63	0	2018-04-26 08:15:15.787275+00	0		
1193	487344	915	62	0	2018-04-26 08:15:15.787275+00	0		
1182	487344	911	60	0	2018-04-26 08:16:34.994826+00	0		
1181	487344	911	137	0	2018-04-26 08:16:34.994826+00	0		
1180	487344	911	62	0	2018-04-26 08:16:34.994826+00	0		
1242	166958	944	945	0	2021-02-08 17:03:33.236963+00	0		
525	166958	349	169	0	2019-05-17 18:00:26.076158+00	0		
1296	166961	365	974	0	2019-08-25 20:19:14.817299+00	0		
324	166958	954	162	0	2019-03-06 16:00:36.776012+00	0		
1223	166960	908	915	0	2018-08-10 21:22:02.277586+00	0		
312	166958	170	363	0	2018-04-24 07:43:21.786305+00	0		
316	166958	170	620	0	2018-04-24 07:49:51.698573+00	0		
1205	166960	614	620	0	2018-04-24 07:49:51.698573+00	0		
309	166958	170	304	0	2018-04-24 07:49:56.449903+00	0		
310	166958	170	332	0	2018-04-24 07:51:44.884101+00	0		
315	166958	170	614	0	2018-04-24 07:52:03.645972+00	0		
308	166958	170	166	0	2018-04-24 07:52:13.112318+00	0		
314	166958	170	371	0	2018-04-24 07:52:25.176673+00	0		
1297	166959	371	974	0	2019-08-25 20:19:14.817299+00	0		
313	166958	170	364	0	2018-04-24 07:52:33.97123+00	0		
329	166958	505	331	0	2018-04-24 07:52:56.862397+00	0		
1157	487344	908	63	0	2018-04-26 08:13:36.765832+00	0		
1156	487345	908	62	0	2018-04-26 08:13:36.765832+00	0		
1239	166958	98	944	0	2019-01-08 22:55:57.887316+00	0		
1245	166958	88	947	0	2019-01-24 00:07:00.036685+00	0		
1251	166958	674	953	0	2019-02-04 16:20:50.35725+00	0		
1340	166959	543	394	0	2019-11-24 03:37:31.372266+00	0		kobza
1305	166958	959	981	0	2019-09-20 18:58:36.983758+00	0		
1253	166958	369	955	0	2019-02-04 22:16:49.32414+00	0		
1254	166958	904	957	0	2019-02-05 21:33:43.274181+00	0		
1255	487344	956	957	0	2019-02-05 21:33:43.274181+00	0		
1256	166958	675	958	0	2019-02-05 23:50:53.67477+00	0		
479	166958	271	461	0	2019-02-06 00:00:38.218143+00	0		
481	166958	271	599	0	2019-02-06 00:00:38.218143+00	0		
482	166958	271	619	0	2019-02-06 00:00:38.218143+00	0		
1108	166961	101	271	0	2019-02-06 00:00:38.218143+00	0		
1306	166961	365	982	0	2019-09-30 21:09:25.054041+00	0		
1307	166958	981	982	0	2019-09-30 21:09:25.054041+00	0		
1258	166958	958	276	0	2019-02-06 00:22:08.585705+00	0		
1006	166958	954	857	0	2019-03-06 16:00:36.776012+00	0		
787	166958	170	772	0	2019-03-15 20:06:02.491614+00	0		
234	166958	959	106	0	2019-03-15 22:00:31.266939+00	0		
468	166958	959	270	0	2019-03-15 22:00:31.266939+00	0		
239	166958	959	273	0	2019-03-15 22:00:31.266939+00	0		
328	166958	959	330	0	2019-03-15 22:00:31.266939+00	0		
332	166958	959	366	0	2019-03-15 22:00:31.266939+00	0		
336	166958	959	512	0	2019-03-15 22:00:31.266939+00	0		
957	166958	959	841	0	2019-03-15 22:00:31.266939+00	0		
1052	166958	959	873	0	2019-03-15 22:00:31.266939+00	0		
1270	582302	365	964	0	2019-03-29 16:21:16.012182+00	0		
1222	166960	100	933	0	2019-04-16 11:00:17.125651+00	0		
1272	487344	965	137	0	2019-04-29 16:34:16.322877+00	0		
1273	592252	875	462	0	2019-04-29 19:09:10.67168+00	0		
1274	592253	875	462	0	2019-04-29 19:09:10.67168+00	0		
1275	487344	965	62	0	2019-04-29 21:46:50.691552+00	0		
1276	487344	965	63	0	2019-04-29 21:46:50.691552+00	0		
1277	487344	965	60	0	2019-04-29 21:46:50.691552+00	0		
1278	166960	966	725	0	2019-05-09 16:32:12.199308+00	0		
1279	166958	14	966	0	2019-05-09 17:26:56.292666+00	0		
1346	166958	239	1011	0	2020-02-03 09:53:35.570629+00	0		
536	166961	365	371	0	2019-05-10 17:12:47.766149+00	0		
1308	166958	40	983	0	2019-10-04 21:07:52.063773+00	0		
1176	452720	365	1011	0	2020-02-03 09:55:12.535204+00	0		rebab
342	166961	52	301	0	2021-11-02 14:21:15.940213+00	0		
794	166958	40	778	0	2019-10-04 21:10:17.342949+00	0		
1310	166961	365	984	0	2019-10-07 13:21:03.28054+00	0		
1311	166961	365	985	0	2019-10-13 13:18:28.37038+00	0		
1312	166958	981	985	0	2019-10-13 13:18:28.37038+00	0		
1313	166961	365	986	0	2019-10-14 09:08:49.573546+00	0		
1314	166958	981	986	0	2019-10-14 09:08:49.573546+00	0		
1315	166958	981	987	0	2019-10-14 09:09:20.005883+00	0		
1316	166961	365	987	0	2019-10-14 09:09:20.005883+00	0		
1317	166960	987	986	0	2019-10-14 09:09:20.005883+00	0		
1318	166961	365	988	0	2019-10-14 14:36:03.669053+00	0		
1319	166958	366	988	0	2019-10-14 14:36:03.669053+00	0		
613	166958	658	382	0	2019-10-20 12:32:14.104655+00	0		
641	166958	587	646	0	2019-10-20 14:21:10.150413+00	0		
1220	166958	658	874	0	2019-10-20 14:28:56.275085+00	0		
1320	166961	365	989	0	2019-10-20 17:46:42.77885+00	0		
186	166961	1012	501	0	2020-02-26 22:43:51.161564+00	0		
1348	166960	1012	943	0	2020-02-26 22:51:22.995731+00	0		
1349	345574	1013	1012	0	2020-02-27 21:07:51.082691+00	0		
1350	345574	1013	88	0	2020-02-27 21:07:51.082691+00	0		
1351	166958	1013	612	0	2020-02-27 21:07:51.082691+00	0		
1325	166958	989	994	0	2019-10-22 09:13:34.76019+00	0		
1326	166958	989	995	0	2019-10-22 09:13:34.76019+00	0		
1323	166958	989	992	0	2019-10-22 09:13:34.76019+00	0		
1321	166958	989	990	0	2019-10-22 09:13:34.76019+00	0		
1322	166958	989	991	0	2019-10-22 09:13:34.76019+00	0		
1324	166958	989	993	0	2019-10-22 09:13:34.76019+00	0		
1327	166958	989	996	0	2019-10-22 10:56:02.49293+00	0		
1328	166958	989	997	0	2019-10-22 10:57:58.842214+00	0		
1329	166961	365	321	0	2019-10-24 13:39:17.075593+00	0		keplok
1203	166959	918	204	0	2019-11-04 09:25:09.728294+00	0		
1330	166959	918	983	0	2019-11-04 09:25:09.728294+00	0		
1331	166961	365	998	0	2019-11-04 15:25:08.177275+00	0		
1332	166958	959	998	0	2019-11-04 15:25:08.177275+00	0		
1333	166961	365	999	0	2019-11-06 21:24:44.646147+00	0		
1334	166958	999	1000	0	2019-11-06 21:55:35.760795+00	0		
1335	166958	999	1001	0	2019-11-06 21:57:54.948256+00	0		
1336	166958	999	1002	0	2019-11-06 22:01:31.266571+00	0		
876	166959	816	189	0	2020-03-10 10:37:06.615987+00	0		
507	166958	345	199	0	2020-03-14 11:00:24.331418+00	0		
515	166958	345	460	0	2020-03-14 11:00:24.331418+00	0		
516	166958	345	470	0	2020-03-14 11:00:24.331418+00	0		
517	166958	345	492	0	2020-03-14 11:00:24.331418+00	0		
518	166958	345	493	0	2020-03-14 11:00:24.331418+00	0		
519	166958	345	514	0	2020-03-14 11:00:24.331418+00	0		
521	166958	345	617	0	2020-03-14 11:00:24.331418+00	0		
807	166958	345	784	0	2020-03-14 11:00:24.331418+00	0		
811	166958	345	786	0	2020-03-14 11:00:24.331418+00	0		
973	166958	345	849	0	2020-03-14 11:00:24.331418+00	0		
1060	166958	345	878	0	2020-03-14 11:00:24.331418+00	0		
554	166958	345	190	0	2020-03-14 11:00:24.331418+00	0	Indian bamboo flutes	
555	166958	345	418	0	2020-03-14 11:00:24.331418+00	0	Indian bamboo flutes	
1352	345574	816	88	0	2020-03-16 18:48:35.518595+00	0		
1353	166958	232	1015	0	2020-03-18 18:10:48.990948+00	0		
712	166958	1015	708	0	2020-03-18 18:39:47.038494+00	0		
438	166958	1015	608	0	2020-03-18 18:41:50.569361+00	0		
427	166958	1015	511	0	2020-03-18 18:42:33.451166+00	0		
717	166958	1015	713	0	2020-03-18 19:38:56.735831+00	0		
939	166958	1015	835	0	2020-03-18 19:56:27.427787+00	0		
132	166958	58	353	0	2020-03-18 22:31:59.726293+00	0		
129	166958	58	81	0	2020-03-18 22:31:59.726293+00	0		
133	166958	58	354	0	2020-03-18 22:31:59.726293+00	0		
1354	166958	205	1017	0	2020-03-18 23:58:57.820832+00	0		
1355	166958	1015	1017	0	2020-03-18 23:58:57.820832+00	0		
1356	166958	205	1018	0	2020-03-19 00:17:50.980403+00	0		
1357	166958	84	1018	0	2020-03-19 00:17:50.980403+00	0		
420	166958	1018	544	0	2020-03-19 00:19:48.426644+00	0		
419	166958	1017	482	0	2020-03-19 00:23:07.84995+00	0		
388	166958	1017	527	0	2020-03-19 00:23:44.27896+00	0		
1135	681130	59	900	0	2020-03-19 00:34:02.069257+00	0		
658	166958	59	661	0	2020-03-19 00:47:45.972023+00	0		
390	166958	207	51	0	2021-11-02 14:24:39.988543+00	0		
116	166961	52	207	0	2021-11-02 14:24:39.988543+00	0		
418	166958	1017	459	0	2020-03-19 00:48:42.662446+00	0		
417	166958	1017	230	0	2020-03-19 00:49:18.526076+00	0		
700	166958	1017	699	0	2020-03-19 00:51:16.004777+00	0		
889	166958	1017	823	0	2020-03-19 01:08:10.838197+00	0		
414	166958	79	227	0	2020-03-19 01:09:06.442426+00	0		
1359	166958	205	1019	0	2020-03-19 01:26:11.007568+00	0		
762	166958	1019	754	0	2020-03-19 01:31:34.859482+00	0		
716	166958	1019	712	0	2020-03-19 01:31:43.828915+00	0		
711	166958	1019	707	0	2020-03-19 01:31:54.997573+00	0		
386	166958	1019	213	0	2020-03-19 01:32:09.584073+00	0		
141	166958	1019	503	0	2020-03-19 01:33:52.1345+00	0		
1360	166958	1019	1011	0	2020-03-19 01:34:11.972112+00	0		
1361	166958	1019	932	0	2020-03-19 01:34:54.146834+00	0		
140	166958	1017	211	0	2020-03-19 01:36:12.284855+00	0		
1362	166958	205	61	0	2020-03-19 11:19:09.685588+00	0		fiddle family
1363	166958	61	1016	0	2020-03-19 11:24:42.908967+00	0		
1364	166958	61	697	0	2020-03-19 11:25:52.64709+00	0		
1365	166958	61	91	0	2020-03-19 11:25:52.64709+00	0		
635	166958	930	80	0	2020-03-19 23:16:24.382978+00	0		mouth harp
1366	166959	754	239	0	2020-03-22 19:35:52.875354+00	0		
1358	166958	61	94	0	2020-03-26 15:51:32.956953+00	0		
