1	543702	185	1847009	0	2018-10-27 08:57:10.616855+00	0		
184	543702	216963	2668942	0	2021-04-26 20:01:21.489934+00	0		
4	543702	185	1847011	0	2018-10-29 08:00:26.287451+00	0		
5	543702	185	2059072	0	2018-11-11 15:43:23.84684+00	0		
61	543702	4698	1497284	0	2019-11-07 10:06:55.291476+00	0		
62	543702	183950	2262170	0	2019-11-14 05:20:19.094875+00	0		
32	543702	141678	2163248	0	2019-05-16 05:27:53.900765+00	0		
8	543702	104442	323458	0	2018-11-18 15:58:56.663341+00	0		
9	543702	45897	2069561	0	2018-12-02 03:50:57.841899+00	0		
63	543702	184007	2262560	0	2019-11-14 19:59:10.984191+00	0		
104	543702	168908	2384186	0	2020-05-11 15:19:15.454989+00	0		
118	543702	149929	2408376	0	2020-06-07 01:55:02.111832+00	0		
64	543702	19292	2270966	0	2019-11-29 15:14:29.927366+00	0		
12	543702	165409	2079845	0	2018-12-23 19:33:45.686209+00	0		
106	543702	74055	2389305	0	2020-05-13 20:50:52.451287+00	0		
36	543702	3152	2170405	0	2019-05-29 19:02:19.281405+00	0		
65	543702	58785	2272246	0	2019-12-01 12:14:27.640273+00	0		
146	543702	207047	2536246	0	2020-11-29 07:17:01.021985+00	0		
67	543702	185554	2279608	0	2019-12-14 03:53:37.913677+00	0		
68	543702	185554	2279610	0	2019-12-14 03:54:32.161774+00	0		
17	543702	167270	2099940	0	2019-01-30 18:29:32.632857+00	0		
69	543702	164758	2074117	0	2019-12-30 13:03:16.460746+00	0		
70	543702	130490	2293443	0	2020-01-05 23:54:33.009492+00	0		
71	543702	180884	2295680	0	2020-01-10 02:59:44.869011+00	0		
73	543702	81920	2289550	0	2020-01-21 06:03:38.30803+00	0		
38	543702	176737	2184359	0	2019-06-21 04:34:04.152534+00	0		
140	543702	58785	2478962	0	2020-09-16 23:36:05.836893+00	0		
41	543702	74254	2159901	0	2019-07-09 03:43:33.469519+00	0		
74	543702	180476	2303097	0	2020-01-23 15:33:37.723386+00	0	Punks Music	
72	543702	187465	2299989	0	2020-01-25 11:00:23.232638+00	0		
43	543702	178553	2200472	0	2019-07-21 19:21:24.919145+00	0		
120	543702	197557	2427677	0	2020-07-06 02:48:15.703711+00	0		
185	543702	187359	2671849	0	2021-05-01 04:21:40.217002+00	0		
147	543702	147682	2537944	0	2020-12-01 05:26:03.553106+00	0		
76	543702	87225	2306631	0	2020-01-29 14:07:29.346052+00	0		
47	543702	179461	2208920	0	2019-08-08 19:58:38.739724+00	0		
44	543702	82773	2201146	0	2019-08-08 23:00:27.638389+00	0		
186	543702	2101	2678125	0	2021-05-09 11:11:05.321687+00	0		
48	543702	58211	2213266	0	2019-08-18 18:23:25.006052+00	0		
49	543702	57507	2215783	0	2019-08-24 02:38:42.846712+00	0		
50	543702	19292	2218531	0	2019-08-29 14:47:01.894754+00	0		
142	543702	15537	2490973	0	2020-10-02 23:02:41.436819+00	0		
21	543702	139856	2107240	0	2019-02-11 17:26:11.479426+00	0		
22	543702	168199	2107456	0	2019-02-12 01:12:50.148191+00	0		
132	543702	25006	2453260	0	2020-08-23 18:00:15.254016+00	0		
151	543702	8848	2547207	0	2020-12-12 18:25:18.290644+00	0		
25	543702	83966	2127947	0	2019-03-14 12:19:28.30259+00	0		
27	543702	58271	2139178	0	2019-04-01 10:37:26.80314+00	0		
78	543702	188591	2278905	0	2020-02-06 00:43:21.072939+00	0		
51	543702	181315	2231977	0	2019-09-28 09:01:29.401402+00	0		
52	543702	181315	2232079	0	2019-09-28 15:00:20.736175+00	0		
124	543702	198456	2438694	0	2020-07-24 17:13:57.752868+00	0		
79	543702	74055	2318832	0	2020-02-18 13:13:18.802855+00	0		
80	543702	8848	2266345	0	2020-02-20 23:51:55.429182+00	0		
81	543702	180199	2322137	0	2020-02-23 06:11:00.27782+00	0		
82	543702	134692	2322519	0	2020-02-23 20:36:04.438102+00	0		
54	543702	8848	1552139	0	2019-10-13 20:29:43.830945+00	0		
55	543702	20544	1719616	0	2019-10-16 08:54:38.410349+00	0		
56	543702	182530	1952315	0	2019-10-17 16:03:31.020337+00	0		
83	543702	37690	2323383	0	2020-02-25 07:59:47.265594+00	0		
84	543702	1129	2215984	0	2020-02-25 22:25:04.588406+00	0		
85	543702	1129	1813813	0	2020-02-25 22:25:23.073683+00	0		
39	543702	180476	2189109	0	2019-10-20 12:00:26.204405+00	0	Punks	
58	543702	55338	2248809	0	2019-10-20 21:53:33.097768+00	0		
59	543702	98986	2248809	0	2019-10-20 21:53:33.097768+00	0		
60	543702	139878	2257951	0	2019-11-06 17:32:35.578507+00	0		
86	543702	610	2207028	0	2020-02-26 19:11:45.226301+00	0		
159	543702	209164	2559625	0	2021-01-03 23:38:07.732016+00	0		
88	543702	189926	2328350	0	2020-03-02 17:39:31.122742+00	0		
126	543702	40124	2441688	0	2020-07-28 23:47:28.208593+00	0		
110	543702	45862	2390152	0	2020-05-15 08:38:44.126917+00	0		
91	543702	178352	2335709	0	2020-03-12 06:07:44.672261+00	0		
127	543702	2972	2443953	0	2020-08-01 18:48:56.13481+00	0		
90	543702	20632	2335650	0	2020-03-19 02:00:21.070558+00	0		
93	543702	191121	2345799	0	2020-03-24 09:47:16.397145+00	0		
94	543702	191121	2345794	0	2020-03-24 09:47:53.633961+00	0		
96	543702	191714	2353569	0	2020-04-01 09:36:49.198912+00	0		
97	543702	191714	2353572	0	2020-04-01 09:42:16.327055+00	0		
95	543702	151514	2349388	0	2020-04-04 10:00:20.493812+00	0		
134	543702	147682	2462066	0	2020-08-29 00:01:28.146897+00	0		
156	543702	7540	2559608	0	2020-12-28 03:10:02.583041+00	0		
111	543702	66240	2392724	0	2020-05-18 04:07:50.321555+00	0		
112	543702	185005	2393417	0	2020-05-19 05:09:54.123642+00	0		
135	543702	185005	2273707	0	2020-08-29 17:14:11.212136+00	0		
100	543702	180468	2220886	0	2020-04-17 17:38:28.587226+00	0		
113	543702	610	2387795	0	2020-05-20 21:53:52.338422+00	0		
99	543702	180468	2367742	0	2020-04-19 06:42:19.355908+00	0		
128	543702	94675	1515570	0	2020-08-09 18:00:39.595537+00	0		
114	543702	4725	2394900	0	2020-05-21 03:18:05.526573+00	0		
115	543702	183748	2394900	0	2020-05-21 03:18:05.526573+00	0		
102	543702	193223	2373492	0	2020-05-01 16:00:37.791234+00	0		
103	543702	4731	2383172	0	2020-05-06 15:25:09.615647+00	0		
105	543702	74055	2384286	0	2020-05-08 04:58:56.188203+00	0		
116	543702	89707	2395088	0	2020-05-21 10:17:02.258807+00	0		
117	543702	610	2395293	0	2020-05-21 15:46:23.782173+00	0		
153	543702	602	1812369	0	2020-12-20 18:07:39.698503+00	0		
131	543702	107457	2453160	0	2020-08-16 14:29:42.203409+00	0		
154	543702	208195	2549639	0	2020-12-22 16:46:30.273985+00	0		
136	543702	147682	2462843	0	2020-08-29 17:48:26.890196+00	0		
137	543702	147682	2462850	0	2020-08-29 18:06:18.44937+00	0		
157	543702	189894	2561158	0	2020-12-29 23:18:02.990207+00	0		
138	543702	116997	2398187	0	2020-09-11 03:56:16.424276+00	0	Addictive Behaviour	
139	543702	602	2475484	0	2020-09-12 18:59:02.876892+00	0		
163	543702	191430	2572350	0	2021-01-12 11:07:11.937275+00	0		
165	543702	58785	2577706	0	2021-01-18 04:55:59.1728+00	0		
166	543702	210826	2583267	0	2021-01-23 21:27:43.707484+00	0		
3	543702	5662	2367855	0	2021-02-07 19:00:35.066064+00	0		
170	543702	212209	2603515	0	2021-02-13 04:38:15.368471+00	0	D.R.E	
169	543702	95025	1963676	0	2021-02-10 07:28:00.423514+00	0	Lahari Music	
173	543702	210743	2617150	0	2021-02-27 00:04:22.802979+00	0		
174	543702	213603	2622561	0	2021-03-04 15:59:56.990049+00	0	Stoksweets Records	
175	543702	133611	2624023	0	2021-03-05 18:03:04.162303+00	0		
176	543702	210743	2624240	0	2021-03-05 21:02:18.027855+00	0		
178	543702	56	2625495	0	2021-03-06 23:39:04.164717+00	0		
179	543702	68	2625495	0	2021-03-06 23:40:21.479365+00	0		
181	543702	210743	2644390	0	2021-03-25 13:45:44.231464+00	0		
188	543702	198512	2686219	0	2021-05-22 16:29:45.024665+00	0		
189	543702	1949	1726972	0	2021-05-29 06:07:32.409229+00	0		
183	543702	210743	2649634	0	2021-03-31 08:26:04.135972+00	0		
190	543702	219204	2692271	0	2021-06-01 08:01:12.82415+00	0		
191	543702	219601	2696649	0	2021-06-06 22:25:17.027688+00	0		
220	543702	226825	2824458	0	2021-11-24 11:00:27.448333+00	0		
193	543702	96689	2699506	0	2021-06-11 05:18:13.093866+00	0		
194	543702	181111	2719060	0	2021-07-15 02:29:52.632527+00	0		
195	543702	20439	2018485	0	2021-07-23 06:12:08.041248+00	0		
196	543702	491	2503726	0	2021-07-23 06:14:59.480241+00	0		
217	543702	223491	2818293	0	2021-11-25 12:00:41.593698+00	0		
199	543702	223370	2739042	0	2021-08-13 17:02:06.927301+00	0		
200	543702	223370	2739774	0	2021-08-13 17:05:38.054749+00	0		
201	543702	223370	2740545	0	2021-08-13 22:53:19.699932+00	0		
198	543702	223365	2714369	0	2021-08-18 16:01:02.832745+00	0		
202	543702	223370	2750356	0	2021-08-27 03:07:09.293135+00	0		
203	543702	56449	2751503	0	2021-08-28 12:29:47.127333+00	0		
204	543702	223370	2757916	0	2021-09-07 02:53:42.82837+00	0		
2	543702	67725	1030212	0	2022-04-03 02:06:30.256799+00	0		
223	543702	185	2825934	0	2021-11-26 11:42:35.874549+00	0		
207	543702	121347	2772512	0	2021-09-24 07:12:12.673964+00	0		
208	543702	225935	2060727	0	2021-09-26 13:50:07.149642+00	0		
209	543702	289	2775413	0	2021-09-28 11:53:55.557063+00	0		
211	543702	223370	2774438	0	2021-10-14 16:51:54.988287+00	0		
226	543702	223370	2823202	0	2021-11-30 01:22:57.291902+00	0		
213	543702	228365	2808061	0	2021-11-07 06:30:29.697777+00	0		
214	543702	228365	2807989	0	2021-11-07 06:45:07.947523+00	0		
221	543702	223491	2824541	0	2021-12-01 13:00:20.560597+00	0		
322	543702	79767	2939452	0	2022-04-08 03:01:11.077974+00	0		
216	543702	227618	2815723	0	2021-11-15 16:48:59.875193+00	0		
219	543702	182781	2821867	0	2021-11-21 18:35:07.52125+00	0	The D2 Sounds (TDS)	
230	543702	607	2848863	0	2021-12-19 00:20:38.307242+00	0		
229	543702	223491	2841897	0	2021-12-19 07:00:35.905442+00	0		
232	543702	232002	2852455	0	2021-12-27 04:05:13.810696+00	0		
231	543702	223491	2854039	0	2022-01-01 08:00:17.919373+00	0		
233	543702	223491	2856205	0	2022-01-03 19:00:16.774109+00	0		
234	543702	232543	2862262	0	2022-01-04 13:59:46.45987+00	0		
237	543702	232309	2866665	0	2022-01-13 16:08:43.728482+00	0		
238	543702	187359	2871462	0	2022-01-14 00:08:54.459602+00	0		
241	543702	164758	2880002	0	2022-01-23 02:26:56.707593+00	0		
242	543702	164758	2547458	0	2022-01-23 02:29:08.66082+00	0		
250	543702	1228	528954	0	2022-02-18 10:47:21.381445+00	0		
251	543702	235907	2614674	0	2022-02-23 16:13:05.414376+00	0		
253	543702	236172	2910874	0	2022-02-28 02:50:11.547441+00	0		
254	543702	236172	2910893	0	2022-02-28 03:52:39.346933+00	0		
227	543702	223491	2870113	0	2022-03-13 06:00:32.368338+00	0		
236	543702	232103	2870113	0	2022-03-13 06:00:32.368338+00	0		
287	543702	237215	2922603	0	2022-03-14 05:35:08.807677+00	0		
288	543702	237215	2922613	0	2022-03-14 06:01:23.871161+00	0		
