1	744770	86179	16476	0	2020-09-30 10:29:28.256753+00	0		
29	744770	126793	46969	0	2020-12-07 22:26:28.977299+00	0		
4	747784	19008	35623	0	2020-10-05 16:18:41.14365+00	0		
5	747790	19008	24422	0	2020-10-05 16:21:43.577271+00	0		
89	744770	83664	49069	0	2021-04-23 02:43:19.885357+00	0		
91	744770	23960	49144	0	2021-04-28 02:52:45.990619+00	0		
3	746291	202996	45679	0	2020-10-10 01:01:02.187939+00	0		
8	750339	203603	45861	0	2020-10-12 17:34:28.212172+00	0		
9	751199	1963	1685	0	2020-10-15 08:09:45.976532+00	0		
10	744770	105012	45653	0	2020-10-15 22:39:53.115017+00	0		
11	744770	3505	21058	0	2020-10-26 05:43:10.300261+00	0		
30	770139	206456	47126	0	2020-12-15 02:13:59.477247+00	0		
31	770141	208171	47126	0	2020-12-15 02:21:08.127819+00	0		
32	744770	14571	47130	0	2020-12-15 03:56:54.858241+00	0		
33	744770	175697	47213	0	2020-12-20 17:35:54.488998+00	0		
34	744770	162883	43200	0	2020-12-25 07:27:41.759596+00	0		
36	744770	94326	47301	0	2020-12-27 00:31:31.723039+00	0		
37	773062	166729	33832	0	2020-12-29 09:49:24.173698+00	0		
180	744770	122563	52342	0	2021-11-25 05:44:45.744437+00	0		
39	773065	127494	33832	0	2020-12-29 09:51:29.767308+00	0		
40	773066	121250	33832	0	2020-12-29 09:52:36.308704+00	0		
181	744770	141911	52386	0	2021-11-28 05:03:57.387383+00	0		
41	773067	119744	33832	0	2020-12-29 09:53:31.658211+00	0		
42	773068	119824	33832	0	2020-12-29 09:54:47.294435+00	0		
43	773553	144269	47334	0	2020-12-30 11:33:36.428036+00	0		
44	773553	137201	47334	0	2020-12-30 11:34:39.062895+00	0		
25	744770	84402	33930	0	2020-10-29 10:58:27.883663+00	0		
45	744770	141033	47498	0	2021-01-11 22:22:48.918449+00	0		
46	744770	3042	35379	0	2021-01-13 02:59:39.089715+00	0		
47	744770	10526	5383	0	2021-01-14 05:49:52.280377+00	0		
48	778304	61836	34548	0	2021-01-15 21:56:03.535904+00	0		
98	813617	52592	3613	0	2021-05-09 11:42:33.121193+00	0		
49	781967	167217	47810	0	2021-01-28 22:07:18.456511+00	0		
6	747791	150980	24422	0	2021-01-31 01:01:19.484424+00	0		
7	747799	150980	43998	0	2021-01-31 01:01:19.722376+00	0		
50	744770	90015	47902	0	2021-02-03 13:16:05.969045+00	0		
51	744770	77435	47952	0	2021-02-06 16:28:17.043867+00	0		
52	744770	33	4138	0	2021-02-24 09:40:13.057823+00	0		
53	744770	213386	28387	0	2021-03-01 06:17:31.191988+00	0		
18	754414	197565	6962	0	2020-11-02 22:01:01.930229+00	0		Allied Record Company
19	754139	86663	6962	0	2020-11-02 22:01:01.938031+00	0		Allied Record Company
20	754136	86663	6962	0	2020-11-02 22:01:01.945557+00	0		WEA Mfg. Commerce
21	754415	84299	6962	0	2020-11-02 22:01:01.952605+00	0		
2	744770	764	13554	0	2021-08-24 23:00:49.885521+00	0		
54	744770	197184	43856	0	2021-03-04 00:38:32.870027+00	0		
24	754445	204722	43381	0	2020-11-03 01:00:22.187272+00	0		
55	744770	46184	48319	0	2021-03-04 04:55:10.998023+00	0		
23	754435	160174	32352	0	2020-11-05 10:01:50.351849+00	0		
56	744770	64453	48466	0	2021-03-11 06:07:47.018487+00	0		
26	758326	90970	33042	0	2020-11-15 23:01:20.834269+00	0		Record Service GmbH
12	754134	119323	33729	0	2020-11-16 00:01:10.53452+00	0		Specialty Records Corporation
14	754136	86663	33729	0	2020-11-16 00:01:10.53452+00	0		WEA Mfg. Olyphant
15	754137	84299	33729	0	2020-11-16 00:01:10.53452+00	0		Cinram, Olyphant
16	754138	101070	33729	0	2020-11-16 00:01:10.53452+00	0		
17	754139	86663	33729	0	2020-11-16 00:01:10.53452+00	0		Specialty Records Corporation
27	744770	206265	46598	0	2020-11-16 05:32:31.944993+00	0		
28	744770	38761	1960	0	2020-11-27 05:32:47.050099+00	0		
57	744770	214153	1576	0	2021-03-13 07:37:29.147114+00	0		
58	744770	147405	29043	0	2021-03-14 17:33:50.22048+00	0		
59	744770	89367	36045	0	2021-03-15 18:14:02.924066+00	0		
60	744770	86179	8283	0	2021-03-25 10:43:32.853664+00	0		
61	744770	86179	6995	0	2021-03-25 10:44:28.747714+00	0		
62	744770	86179	19559	0	2021-03-25 16:43:49.911056+00	0		
63	744770	86179	1296	0	2021-03-25 16:45:24.201194+00	0		
64	744770	86179	5458	0	2021-03-25 16:46:04.857754+00	0		
65	744770	86179	3055	0	2021-03-25 16:46:33.54143+00	0		
66	744770	86179	3792	0	2021-03-25 16:47:12.099542+00	0		
67	744770	86179	6301	0	2021-03-25 16:47:21.302793+00	0		
68	744770	86179	6295	0	2021-03-25 16:47:35.994028+00	0		
69	744770	86179	20757	0	2021-03-25 16:47:46.253534+00	0		
70	744770	86179	19285	0	2021-03-25 16:51:12.462635+00	0		
71	744770	86179	19974	0	2021-03-25 16:54:46.007377+00	0		
72	800378	86179	8844	0	2021-03-25 22:07:59.874744+00	0		
74	744770	215368	23672	0	2021-04-02 09:27:24.765557+00	0		
75	744770	6765	48774	0	2021-04-05 00:48:01.38559+00	0		
76	744770	202659	48780	0	2021-04-05 13:56:15.498957+00	0		
73	744770	215053	48690	0	2021-04-05 17:00:23.710908+00	0		
92	744770	36528	49153	0	2021-04-28 10:40:51.206567+00	0		
79	807418	101070	39348	0	2021-04-24 15:00:23.790827+00	0		
182	868733	71592	52483	0	2021-12-01 16:55:29.192506+00	0		
86	808750	89077	3534	0	2021-04-29 00:00:18.114781+00	0		
87	808751	86664	3534	0	2021-04-29 00:00:18.12658+00	0	Optimal Tonträger Produktionsgesellschaft mbH	Optimal Production
88	808752	85687	3534	0	2021-04-29 00:00:18.13912+00	0		Optimal Media Production
93	744770	217327	5919	0	2021-05-02 02:54:47.007584+00	0		
101	814026	103462	49373	0	2021-05-10 13:16:39.71004+00	0		LaserVideo Inc., Anaheim
99	813619	52592	43678	0	2021-05-09 11:44:17.236086+00	0		
95	744770	86179	31976	0	2021-05-03 21:36:39.430697+00	0		
84	744770	215257	49007	0	2021-04-19 17:07:32.762672+00	0		
85	744770	96772	49013	0	2021-04-19 21:03:46.423363+00	0		
100	813620	52592	43679	0	2021-05-09 11:44:17.236086+00	0		
105	744770	218015	21615	0	2021-05-12 13:16:45.944796+00	0		
81	807420	84299	39348	0	2021-04-24 15:00:23.810579+00	0		Cinram Huntsville
77	809656	129297	38905	0	2021-06-03 18:00:37.384779+00	0		Disctronics USA / DiscUSA
83	807422	103462	39348	0	2021-04-24 15:00:23.825309+00	0		Laservideo Inc., Huntsville
96	744770	9224	10164	0	2021-05-05 07:31:18.970955+00	0		
22	829808	204722	6962	0	2021-07-21 09:47:39.711189+00	0		Allied Record Manufacturing Company
109	817061	90569	33827	0	2021-05-30 00:00:32.1166+00	0		
90	744770	176858	49114	0	2021-04-26 04:09:51.196743+00	0		
97	813296	86179	2063	0	2021-05-08 16:52:17.858964+00	0		
80	814027	114815	39348	0	2021-05-10 13:53:27.375557+00	0		Disc Manufacturing, Inc.
102	814027	121531	49373	0	2021-05-10 13:16:39.71004+00	0		Disc Manufacturing, Inc., Anaheim
103	814028	84299	49373	0	2021-05-10 13:16:39.71004+00	0		
110	817062	124230	33827	0	2021-05-30 00:00:32.124691+00	0		
106	744770	207288	49437	0	2021-05-15 03:19:39.914148+00	0		
107	744770	218297	49464	0	2021-05-17 03:36:36.98371+00	0		
104	807421	217887	49373	0	2021-06-02 21:00:28.407251+00	0	Disctronics Limited	Disctronics A
94	811539	210895	38905	0	2021-06-03 18:00:37.384779+00	0		
38	773063	23457	33832	0	2021-07-12 14:00:31.916907+00	0	Disctronics Blackburn Ltd.	
78	807371	216402	38905	0	2021-06-03 18:00:37.384779+00	0		Memory-Tech Inc.
183	744770	87957	43817	0	2021-12-13 17:45:26.747809+00	0		
112	817123	154627	34118	0	2021-05-23 17:22:35.586136+00	0		
113	817124	96320	34118	0	2021-05-23 17:22:35.586136+00	0		
114	817125	119241	34118	0	2021-05-23 17:22:35.586136+00	0		
115	817126	136249	34118	0	2021-05-23 17:22:35.586136+00	0		
116	817127	139208	34118	0	2021-05-23 17:22:35.586136+00	0		
117	817128	154627	34118	0	2021-05-23 17:22:35.586136+00	0		
118	744770	36114	49603	0	2021-05-26 11:42:15.030112+00	0		
184	744770	23939	52802	0	2021-12-18 23:01:08.691146+00	0		
111	817063	218634	33827	0	2021-05-30 00:00:32.132829+00	0		
82	807421	89904	39348	0	2021-06-02 20:00:16.874753+00	0	Disctronics Limited	Disctronics H
119	744770	219336	7874	0	2021-06-02 20:05:01.852215+00	0		
120	744770	82172	49720	0	2021-06-03 09:22:54.084756+00	0		
185	744770	46260	52830	0	2021-12-20 20:31:22.915063+00	0		
122	820949	87778	33799	0	2021-06-06 16:41:38.233225+00	0		
123	744770	94340	49789	0	2021-06-07 20:12:20.277328+00	0		
124	744770	220225	49891	0	2021-06-17 18:31:46.025629+00	0		
125	744770	424	49931	0	2021-06-21 08:04:56.269313+00	0		
126	744770	86179	49949	0	2021-06-22 20:54:06.705696+00	0		
127	744770	147442	19242	0	2021-06-26 16:09:46.077416+00	0		
129	744770	53054	50083	0	2021-07-04 16:51:21.524425+00	0		
130	744770	75457	50098	0	2021-07-06 06:46:20.326015+00	0		
186	744770	106115	42388	0	2021-12-21 23:09:23.895328+00	0		The Burrow
132	744770	138915	46753	0	2021-07-08 17:25:06.390415+00	0		
187	744770	50969	37334	0	2021-12-25 21:31:32.678229+00	0		
133	744770	16168	26947	0	2021-07-09 07:02:58.10827+00	0		
188	744770	219941	52939	0	2021-12-29 05:25:19.075254+00	0		
189	744770	25422	52950	0	2021-12-30 08:00:01.207492+00	0		
190	744770	70202	52976	0	2022-01-01 07:34:41.91439+00	0		
191	744770	81396	7540	0	2022-01-02 15:33:48.896663+00	0		
128	826557	188360	33799	0	2021-07-17 13:51:15.936712+00	0		
121	820948	188360	33799	0	2021-07-17 13:52:02.543959+00	0	Koch Digitaldisc GmbH	Koch Digitaldisc
134	830157	91037	33042	0	2021-07-23 00:08:51.831817+00	0		Record Service
192	744770	226227	53002	0	2022-01-04 02:31:39.974697+00	0		
137	830161	121318	33042	0	2021-07-23 00:21:31.519034+00	0		
194	744770	34665	4571	0	2022-01-08 00:29:27.34794+00	0		
195	877974	114698	53047	0	2022-01-08 07:35:25.395853+00	0		
139	831572	89700	34119	0	2021-07-28 20:08:27.295071+00	0		
140	831573	139233	34119	0	2021-07-28 20:08:27.295071+00	0		
141	831574	88949	34119	0	2021-07-28 20:08:27.295071+00	0		
142	831575	99482	34119	0	2021-07-28 20:08:27.295071+00	0		
143	831576	133609	34119	0	2021-07-28 20:08:27.295071+00	0		
144	744770	78113	50443	0	2021-07-30 17:48:35.422373+00	0		
146	744770	222811	50460	0	2021-08-01 06:17:40.257134+00	0		
147	744770	467	50538	0	2021-08-06 11:51:34.369992+00	0		
148	744770	208191	8051	0	2021-08-06 13:24:34.411659+00	0		
196	877975	114698	53048	0	2022-01-08 07:35:25.395853+00	0		
197	744770	7263	53093	0	2022-01-11 10:34:01.818766+00	0		
151	834122	18382	50547	0	2021-08-07 04:43:18.425568+00	0		
218	886086	223491	53395	0	2022-02-11 07:00:30.721762+00	0		
152	834124	18382	50548	0	2021-08-07 05:15:20.062052+00	0		
153	744770	223372	9534	0	2021-08-11 18:45:39.451072+00	0		
154	744770	223417	50628	0	2021-08-13 00:54:36.494123+00	0		
145	744770	109971	32834	0	2022-01-13 16:00:44.876779+00	0		Columbia Records Pressing Plant
149	834121	18382	42008	0	2021-08-14 06:00:15.753973+00	0		PolyGram Studios
155	744770	86663	50657	0	2021-08-14 19:57:38.264246+00	0		
198	744770	35856	51465	0	2022-01-13 17:55:18.401107+00	0		
156	837936	223939	50790	0	2021-08-22 19:05:39.480084+00	0		
157	744770	224801	50966	0	2021-09-07 08:23:47.230748+00	0		
158	744770	224803	50968	0	2021-09-07 08:33:15.245991+00	0		
199	744770	35856	2904	0	2022-01-13 17:55:18.401107+00	0		
200	744770	35856	5054	0	2022-01-13 17:55:18.401107+00	0		
160	744770	59159	4092	0	2021-09-16 07:43:57.820962+00	0		
161	744770	65069	51276	0	2021-09-23 22:45:23.45184+00	0		
162	744770	226403	51420	0	2021-10-03 18:03:41.886633+00	0		
163	744770	29313	10897	0	2021-10-05 13:01:17.912662+00	0		
164	744770	29313	11451	0	2021-10-05 13:05:20.881851+00	0		
201	744770	35856	23947	0	2022-01-13 17:55:18.401107+00	0		
202	744770	35856	25627	0	2022-01-13 17:55:18.401107+00	0		
167	744770	226931	46609	0	2021-10-14 02:49:06.127743+00	0		
168	744770	107785	51610	0	2021-10-16 07:23:03.215217+00	0		
203	744770	35856	28118	0	2022-01-13 17:55:18.401107+00	0		
170	855254	20728	22863	0	2021-10-23 07:04:08.356456+00	0		
172	744770	764	22863	0	2021-10-23 08:00:00.80563+00	0		
169	855258	20728	51727	0	2021-10-23 08:18:40.102021+00	0		
204	744770	35856	36228	0	2022-01-13 17:55:18.401107+00	0		
205	744770	35856	38087	0	2022-01-13 17:55:18.401107+00	0		
171	855256	171393	22863	0	2021-10-30 08:00:40.557099+00	0		
173	744770	171393	51728	0	2021-10-30 08:00:40.557099+00	0		
174	744770	171393	51729	0	2021-10-30 08:00:40.557099+00	0		
175	744770	227931	51878	0	2021-10-31 17:38:43.271047+00	0		
206	744770	35856	44512	0	2022-01-13 17:55:18.401107+00	0		
207	744770	35856	17827	0	2022-01-13 17:55:18.401107+00	0		
135	830163	43070	33042	0	2021-11-02 17:00:29.416265+00	0	WMME Alsdorf	WMME Alsdorf
208	744770	909	2260	0	2022-01-15 23:44:28.738493+00	0		
176	859431	228043	7804	0	2021-11-02 17:24:53.621743+00	0		
177	859432	228044	7804	0	2021-11-02 17:26:04.930561+00	0		
178	862373	147244	35790	0	2021-11-12 08:53:51.609136+00	0		
209	744770	97283	53166	0	2022-01-18 06:01:59.403309+00	0		
210	744770	136152	34080	0	2022-01-18 19:08:29.421211+00	0		
35	744770	87978	35790	0	2022-01-20 17:00:21.401414+00	0		
211	744770	83489	53258	0	2022-01-25 19:48:34.682841+00	0		
212	744770	156571	7350	0	2022-01-28 14:45:00.313872+00	0		
213	744770	233854	19327	0	2022-01-28 14:45:34.77925+00	0		
214	744770	234226	49725	0	2022-01-28 14:48:34.163674+00	0		
215	744770	156570	38578	0	2022-01-28 14:50:15.669564+00	0		
216	744770	71465	8862	0	2022-02-01 17:20:38.475529+00	0		
217	744770	764	8883	0	2022-02-03 07:33:06.355926+00	0		
256	744770	132584	53915	0	2022-03-05 13:53:12.186096+00	0		
219	744770	125635	53481	0	2022-02-10 09:23:53.860396+00	0		
220	744770	235037	53496	0	2022-02-11 00:25:13.327368+00	0		
221	889805	235424	34119	0	2022-02-15 19:18:04.313876+00	0		
222	744770	235462	14067	0	2022-02-16 10:42:29.994291+00	0		
223	744770	236322	53852	0	2022-03-02 00:39:42.619728+00	0		
257	744770	64520	53971	0	2022-03-08 16:27:08.647658+00	0		
258	744770	172977	54023	0	2022-03-14 13:54:02.901511+00	0		
259	744770	33621	54033	0	2022-03-15 05:42:50.330941+00	0		
179	744770	159086	9131	0	2022-03-17 06:00:23.671257+00	0		
260	744770	227610	54090	0	2022-03-19 14:20:04.330908+00	0		
261	744770	238061	45786	0	2022-03-25 15:57:04.499666+00	0		
193	744770	36996	2758	0	2022-03-26 04:00:38.527965+00	0		
262	744770	652	54197	0	2022-03-26 05:18:02.47769+00	0		
263	901318	652	54198	0	2022-03-26 05:20:24.985647+00	0		
264	901318	652	49476	0	2022-03-26 06:15:56.164652+00	0		
265	831575	212021	33042	0	2022-03-27 16:48:24.465791+00	0		
266	744770	238327	54241	0	2022-03-29 09:55:44.445432+00	0		
299	744770	238513	54302	0	2022-03-31 09:55:23.988043+00	0		
300	744770	238588	54309	0	2022-04-01 15:10:31.86883+00	0		
301	744770	64940	54311	0	2022-04-01 18:12:33.342997+00	0		
302	744770	48215	4455	0	2022-04-05 11:54:11.171259+00	0		
303	744770	6190	10698	0	2022-04-05 14:38:21.121611+00	0		
304	744770	184540	40342	0	2022-04-17 10:46:42.326992+00	0		
305	744770	137876	8208	0	2022-04-21 06:53:52.119573+00	0		
306	744770	239907	4991	0	2022-04-21 23:13:44.105184+00	0		
307	744770	155	12148	0	2022-04-23 08:31:58.507869+00	0		
308	744770	53826	54645	0	2022-04-26 16:22:40.132874+00	0		
309	744770	15196	54700	0	2022-04-29 07:47:26.269092+00	0		
310	744770	114012	54741	0	2022-05-01 02:09:23.728587+00	0		
311	744770	240721	54804	0	2022-05-03 19:43:50.569774+00	0		
