1	788660	46303	13449	0	2021-02-18 13:17:47.860339+00	0		
2	788660	1995	13531	0	2021-02-18 13:18:46.567866+00	0		
3	788660	10260	13457	0	2021-02-18 13:20:05.732967+00	0		
4	788660	10256	13482	0	2021-02-20 00:49:08.582894+00	0		
5	788660	1553	13454	0	2021-02-20 00:50:35.419074+00	0		
6	788660	29607	13452	0	2021-02-20 00:52:19.838743+00	0		
7	788660	29607	13467	0	2021-02-20 00:52:34.981561+00	0		
8	788660	29607	13463	0	2021-02-20 00:52:55.174494+00	0		
9	788660	29607	13493	0	2021-02-20 00:53:57.975084+00	0		
10	788660	45895	13539	0	2021-02-21 22:13:46.737541+00	0		
12	788660	29607	13572	0	2021-03-02 04:46:48.885795+00	0		
13	788660	46303	13586	0	2021-03-05 07:22:41.182303+00	0	Las Vegas Hilton: Shimmer Showroom	
14	788660	48528	13625	0	2021-03-15 22:19:15.252283+00	0		
15	788660	48662	13711	0	2021-03-27 05:09:09.116883+00	0	Storm Theatre at Mandalay Bay	
16	788660	48794	13762	0	2021-04-07 03:41:47.522883+00	0		
17	788660	48795	13762	0	2021-04-07 03:53:27.054624+00	0		
18	788660	46359	12280	0	2021-04-11 08:44:04.135863+00	0		
19	788660	46359	12281	0	2021-04-11 11:04:28.040733+00	0		
20	788660	46359	12283	0	2021-04-11 20:45:40.031104+00	0		
21	788660	10553	13789	0	2021-04-11 23:44:08.949075+00	0		
76	788660	34779	15619	0	2021-11-23 19:34:11.681636+00	0		
23	788660	49096	13869	0	2021-04-25 14:50:11.35214+00	0		
24	788660	49099	13871	0	2021-04-25 16:48:36.178482+00	0		
25	788660	49282	13933	0	2021-05-06 10:00:24.563719+00	0		
26	788660	17225	6839	0	2021-05-09 11:57:49.993829+00	0		
29	788660	41416	13988	0	2021-05-18 15:03:09.01087+00	0		
30	788660	3647	6787	0	2021-05-18 18:38:12.837938+00	0		
28	788660	31976	13948	0	2021-05-09 20:18:22.704442+00	0		
31	788660	4615	13994	0	2021-05-19 11:17:29.742153+00	0		
32	788660	4813	13995	0	2021-05-19 11:23:46.39615+00	0		
33	788660	5268	14011	0	2021-05-21 19:05:04.563779+00	0		
34	788660	2253	14087	0	2021-05-31 21:33:57.583527+00	0		
35	788660	2253	14088	0	2021-05-31 21:35:41.740662+00	0		
36	788660	4142	14127	0	2021-06-08 10:55:51.986623+00	0		
37	788660	41416	14132	0	2021-06-08 21:37:39.335614+00	0		
38	788660	41416	14133	0	2021-06-08 22:14:29.236326+00	0		
39	788660	41416	14134	0	2021-06-08 22:14:50.910116+00	0		
40	788660	35194	14137	0	2021-06-09 08:39:35.369308+00	0		
41	788660	49803	14137	0	2021-06-09 08:51:25.490767+00	0		
42	788660	41416	14162	0	2021-06-11 17:21:00.646448+00	0		
43	788660	41416	14174	0	2021-06-14 02:01:05.000647+00	0		
77	788660	21530	15632	0	2021-11-25 05:40:30.534737+00	0		
45	788660	6820	14228	0	2021-06-25 18:55:32.942459+00	0		
47	788660	24161	14504	0	2021-07-27 12:27:24.857324+00	0		
48	788660	24213	5615	0	2021-07-27 15:21:07.533448+00	0		
49	788660	2832	14504	0	2021-07-28 15:01:34.729704+00	0		
50	788660	29155	14504	0	2021-07-28 17:07:29.378246+00	0		
46	788660	50394	14504	0	2021-07-27 12:27:24.857324+00	0		
51	788660	50579	14578	0	2021-08-09 09:32:38.354829+00	0		
52	788660	49951	14580	0	2021-08-09 09:55:02.335102+00	0		
53	788660	5268	14588	0	2021-08-10 12:42:09.673002+00	0	Uris Theatre	
78	788660	52533	15695	0	2021-12-04 08:43:40.921338+00	0		
55	788660	50741	14656	0	2021-08-19 07:39:34.31088+00	0		
56	788660	50742	14656	0	2021-08-19 07:39:34.31088+00	0		
57	788660	50743	14656	0	2021-08-19 07:39:34.31088+00	0	Ski Roundtop	
58	788660	50744	14656	0	2021-08-19 07:39:34.31088+00	0		
59	788660	28117	14673	0	2021-08-23 09:44:07.572453+00	0		
79	788660	31314	15738	0	2021-12-08 18:13:06.897282+00	0		
80	788660	34882	15799	0	2021-12-19 13:26:20.046336+00	0		
81	788660	1820	15906	0	2022-01-06 23:05:29.636731+00	0		
61	788660	40876	14714	0	2021-08-28 14:56:27.799572+00	0		
62	788660	22334	14887	0	2021-09-11 06:30:54.90334+00	0		
82	788660	3132	15967	0	2022-01-13 18:29:02.521097+00	0		
83	788660	27833	16122	0	2022-02-02 15:36:54.633814+00	0		
84	788660	53190	16133	0	2022-02-02 21:47:37.344791+00	0		
85	788660	53456	16204	0	2022-02-07 23:57:29.344533+00	0		
63	788660	36346	14944	0	2021-09-16 08:25:18.581411+00	0		
11	788660	46303	13570	0	2021-03-01 07:49:29.110651+00	0	Las Vegas Hilton: Shimmer Showroom	
64	788660	51291	15051	0	2021-09-24 19:52:47.145084+00	0		
65	788660	51305	15057	0	2021-09-25 20:02:37.014438+00	0		
66	788660	51306	15057	0	2021-09-25 20:02:55.13452+00	0		
67	788660	51367	15084	0	2021-09-29 23:32:04.037056+00	0		
68	788660	51490	15160	0	2021-10-07 06:40:23.285446+00	0		
69	788660	3440	15265	0	2021-10-20 18:38:11.84244+00	0		
70	788660	22638	15265	0	2021-10-20 18:38:11.84244+00	0		
71	788660	35039	10954	0	2021-10-23 19:09:05.946067+00	0		
72	788660	32857	15401	0	2021-10-31 01:33:39.350159+00	0		
73	788660	52107	15516	0	2021-11-12 13:42:08.172357+00	0		
74	788660	24360	15581	0	2021-11-19 08:37:11.35685+00	0		
75	788660	38173	12937	0	2021-11-19 15:49:40.889239+00	0		
86	788660	41861	16292	0	2022-02-17 11:43:42.748355+00	0		
87	788660	53833	16345	0	2022-02-27 22:46:12.926035+00	0		
120	788660	54112	16542	0	2022-03-21 15:37:14.194815+00	0		
154	788660	52036	15457	0	2022-04-01 12:27:57.649891+00	0		
