575	6296	27217779	2732621	0	2020-06-09 22:05:39.033097+00	0		
67	6296	228573	7077	0	2011-05-16 16:08:20.288158+00	0		
70	6296	1721900	22403	0	2011-05-16 16:08:20.288158+00	0		
73	6296	1721901	22403	0	2011-05-16 16:08:20.288158+00	0		
478	6296	24657966	2407008	0	2019-04-30 20:40:39.932143+00	0		
54	6296	369564	29084	0	2011-05-16 16:08:20.288158+00	0		
19	6296	7821534	35452	0	2011-05-16 16:08:20.288158+00	0		
437	451397	21890503	2079196	0	2017-12-13 14:43:43.907139+00	0		
438	6296	21909792	335541	0	2017-12-17 01:36:00.740138+00	0		
96	6296	1582423	57640	0	2011-05-16 16:08:20.288158+00	0		
91	6296	1582424	57640	0	2011-05-16 16:08:20.288158+00	0		
442	459447	22047701	534487	0	2018-01-13 22:01:03.072776+00	0		
105	6296	1582420	57650	0	2011-05-16 16:08:20.288158+00	0		
103	6296	1582421	57650	0	2011-05-16 16:08:20.288158+00	0		
107	6296	1582414	57654	0	2011-05-16 16:08:20.288158+00	0		
479	6296	289281	606460	0	2019-05-16 15:43:03.335589+00	0		
55	6296	369564	71266	0	2011-05-16 16:08:20.288158+00	0		
109	6296	10323466	74310	0	2011-05-16 16:08:20.288158+00	0		
75	6296	6929505	108417	0	2011-05-16 16:08:20.288158+00	0		
23	6296	7821537	112527	0	2011-05-16 16:08:20.288158+00	0		
20	6296	7821535	115693	0	2011-05-16 16:08:20.288158+00	0		
133	6296	1590978	164829	0	2011-05-16 16:08:20.288158+00	0		
125	6296	1590979	164829	0	2011-05-16 16:08:20.288158+00	0		
139	6296	1590964	164836	0	2011-05-16 16:08:20.288158+00	0		
131	6296	1590972	164836	0	2011-05-16 16:08:20.288158+00	0		
18	6296	7821533	175585	0	2011-05-16 16:08:20.288158+00	0		
106	6296	1140408	181575	0	2011-05-16 16:08:20.288158+00	0		
180	45676	13477552	1147262	0	2012-05-01 21:00:11.322438+00	0		
22	6296	7821536	220466	0	2011-05-16 16:08:20.288158+00	0		
65	6296	6642363	236194	0	2011-05-16 16:08:20.288158+00	0		
102	6296	9956213	240666	0	2011-05-16 16:08:20.288158+00	0		
86	6296	9767652	258398	0	2011-05-16 16:08:20.288158+00	0		
68	6296	228573	275911	0	2011-05-16 16:08:20.288158+00	0		
393	6296	20963202	1259366	0	2017-05-21 05:26:39.759752+00	0		
112	6296	11222487	366893	0	2011-05-16 16:08:20.288158+00	0		
71	6296	1721900	423583	0	2011-05-16 16:08:20.288158+00	0		
74	6296	1721901	423583	0	2011-05-16 16:08:20.288158+00	0		
127	6296	11383338	434297	0	2011-05-16 16:08:20.288158+00	0		
124	6296	11383339	464548	0	2011-05-16 16:08:20.288158+00	0		
111	6296	11221273	476361	0	2011-05-16 16:08:20.288158+00	0		
121	6296	11383340	492228	0	2011-05-16 16:08:20.288158+00	0		
119	6296	11383341	530973	0	2011-05-16 16:08:20.288158+00	0		
444	6296	22196235	2115259	0	2018-02-06 08:33:23.084102+00	0		
452	6296	2842471	1268763	0	2018-05-29 02:35:27.125137+00	0		
443	459448	22047701	534487	0	2018-01-13 22:01:03.080338+00	0		
62	6296	9181563	565485	0	2011-05-16 16:08:20.288158+00	0		
52	6296	7845843	36805	0	2014-03-24 13:00:23.764528+00	0		
24	6296	7845844	36805	0	2014-03-24 13:00:23.764528+00	0		
226	6296	15187489	1092211	0	2013-08-22 03:00:31.552146+00	0		
1225	867108	30976943	3260339	0	2021-11-27 00:42:14.576641+00	0		
214	6296	14640101	163026	0	2013-03-06 01:00:07.243534+00	0		
446	6296	21501696	1588408	0	2018-02-22 10:15:25.788391+00	0		
453	506565	21715367	1687303	0	2018-07-10 20:25:13.660746+00	0		
215	6296	14640102	163026	0	2013-03-06 01:00:07.390561+00	0		
110	6296	10323461	632735	0	2011-05-16 16:08:20.288158+00	0		
113	6296	11383345	659535	0	2011-05-16 16:08:20.288158+00	0		
92	6296	172933	602788	0	2019-03-25 14:00:51.717572+00	0		
114	6296	11383344	748909	0	2011-05-16 16:08:20.288158+00	0		
141	6296	1590961	784885	0	2011-05-16 16:08:20.288158+00	0		
115	6296	1590973	784885	0	2011-05-16 16:08:20.288158+00	0		
151	6296	1590959	785097	0	2011-05-16 16:08:20.288158+00	0		
149	6296	1590965	785097	0	2011-05-16 16:08:20.288158+00	0		
140	6296	1590964	785319	0	2011-05-16 16:08:20.288158+00	0		
132	6296	1590972	785319	0	2011-05-16 16:08:20.288158+00	0		
155	6296	1590960	785329	0	2011-05-16 16:08:20.288158+00	0		
135	6296	1590974	785329	0	2011-05-16 16:08:20.288158+00	0		
156	6296	1590960	785330	0	2011-05-16 16:08:20.288158+00	0		
136	6296	1590974	785330	0	2011-05-16 16:08:20.288158+00	0		
157	6296	1590960	785331	0	2011-05-16 16:08:20.288158+00	0		
137	6296	1590974	785331	0	2011-05-16 16:08:20.288158+00	0		
153	6296	1590970	785335	0	2011-05-16 16:08:20.288158+00	0		
128	6296	1590976	785335	0	2011-05-16 16:08:20.288158+00	0		
154	6296	1590970	785336	0	2011-05-16 16:08:20.288158+00	0		
129	6296	1590976	785336	0	2011-05-16 16:08:20.288158+00	0		
159	6296	1590975	785452	0	2011-05-16 16:08:20.288158+00	0		
158	6296	1590977	785452	0	2011-05-16 16:08:20.288158+00	0		
142	6296	1590961	785456	0	2011-05-16 16:08:20.288158+00	0		
116	6296	1590973	785456	0	2011-05-16 16:08:20.288158+00	0		
216	6296	14640103	163026	0	2013-03-06 01:00:07.509528+00	0		
217	6296	14640104	163026	0	2013-03-06 01:00:07.607622+00	0		
181	45676	13477553	1147262	0	2012-05-01 21:00:11.342819+00	0		
218	6296	14640105	163026	0	2013-03-06 01:00:07.918946+00	0		
176	6296	7000155	6119	0	2012-03-04 05:00:05.314093+00	0		
182	45676	13477554	1147262	0	2012-05-01 21:00:11.353988+00	0		
183	45676	13477555	1147262	0	2012-05-01 21:00:11.365971+00	0		
185	45676	13477557	1147262	0	2012-05-01 21:00:11.400246+00	0		
1206	6296	6199773	329885	0	2021-05-04 10:56:31.104557+00	0		
186	45676	13477558	1147262	0	2012-05-01 21:00:11.416263+00	0		
489	6296	549213	596809	0	2019-11-15 09:17:58.677373+00	0		
187	45676	13477559	1147262	0	2012-05-01 21:00:11.427295+00	0		
188	45676	13477560	1147262	0	2012-05-01 21:00:11.438196+00	0		
189	45676	13477561	1147262	0	2012-05-01 21:00:11.447808+00	0		
1	64367	9378108	459740	0	2016-07-06 13:00:35.990846+00	0		
213	6296	3265580	704024	0	2019-11-17 14:00:34.636522+00	0		
179	6296	7264196	807055	0	2012-04-28 18:00:15.624341+00	0		
138	6296	12833680	676493	0	2021-09-26 16:00:28.100512+00	0		
122	6296	1590967	785692	0	2011-05-16 16:08:20.288158+00	0		
2	6296	564695	465092	0	2017-03-17 07:00:20.017858+00	0		
97	6296	13594	602774	0	2019-03-25 14:00:55.231835+00	0		
59	6296	1206210	158314	0	2019-09-04 09:05:40.597059+00	0		
60	6296	1206210	455449	0	2019-09-04 09:05:40.597059+00	0		
450	6296	527317	1989791	0	2018-04-14 03:00:23.631367+00	0		
212	241570	676445	133449	0	2022-03-23 09:00:57.474307+00	0		
493	6296	25995382	532660	0	2019-12-21 20:36:59.445405+00	0		
14	6296	209478	42836	0	2022-03-27 10:00:52.462602+00	0		
88	6296	498714	596812	0	2020-05-07 03:00:22.895448+00	0		
117	6296	1590968	785692	0	2011-05-16 16:08:20.288158+00	0		
123	6296	1590967	785693	0	2011-05-16 16:08:20.288158+00	0		
118	6296	1590968	785693	0	2011-05-16 16:08:20.288158+00	0		
147	6296	1590969	785812	0	2011-05-16 16:08:20.288158+00	0		
143	6296	1590980	785812	0	2011-05-16 16:08:20.288158+00	0		
148	6296	1590969	785813	0	2011-05-16 16:08:20.288158+00	0		
144	6296	1590980	785813	0	2011-05-16 16:08:20.288158+00	0		
152	6296	1590959	786357	0	2011-05-16 16:08:20.288158+00	0		
150	6296	1590965	786357	0	2011-05-16 16:08:20.288158+00	0		
120	6296	12054627	795675	0	2011-05-16 16:08:20.288158+00	0		
130	6296	12054627	795677	0	2011-05-16 16:08:20.288158+00	0		
134	6296	1590978	798507	0	2011-05-16 16:08:20.288158+00	0		
126	6296	1590979	798507	0	2011-05-16 16:08:20.288158+00	0		
76	6296	6929505	827762	0	2011-05-16 16:08:20.288158+00	0		
38	6296	1155441	860798	0	2011-05-16 16:08:20.288158+00	0		
290	279959	6869219	810304	0	2019-04-23 21:00:36.393263+00	0		
289	279959	6869222	810304	0	2019-04-23 21:00:38.540693+00	0		
56	6297	3576110	135117	0	2011-05-16 16:08:20.288158+00	0		
66	6298	299092	972333	0	2011-05-16 16:08:20.288158+00	0		
160	6296	12597667	605728	0	2011-08-02 19:23:59.961662+00	0		
162	6296	12814371	1082647	0	2011-11-10 23:00:06.502365+00	0		
184	45676	13477556	1147262	0	2012-05-01 21:00:11.376295+00	0		
190	45676	13477562	1147262	0	2012-05-01 21:00:11.458708+00	0		
191	45676	13477563	1147262	0	2012-05-01 21:00:11.468193+00	0		
192	45676	13477564	1147262	0	2012-05-01 21:00:11.480154+00	0		
193	45676	13477565	1147262	0	2012-05-01 21:00:11.49103+00	0		
194	45676	13477566	1147262	0	2012-05-01 21:00:11.50082+00	0		
145	6296	841398	145254	0	2019-07-21 06:00:31.982874+00	0		
146	6296	841398	819908	0	2019-07-21 06:00:31.982874+00	0		
576	6296	27217780	2732621	0	2020-06-09 22:05:39.033097+00	0		
492	6296	25920288	2562044	0	2019-12-15 09:01:40.765395+00	0		
494	6296	25995391	329294	0	2019-12-21 20:40:32.81418+00	0		
495	6296	25995391	1212850	0	2019-12-21 20:40:32.81418+00	0		
496	6296	25995391	2351066	0	2019-12-21 20:40:32.81418+00	0		
577	6296	27217781	2732621	0	2020-06-09 22:05:39.033097+00	0		
499	6296	26049104	2143993	0	2020-01-05 19:00:38.040773+00	0		
578	6296	27217782	2732621	0	2020-06-09 22:05:39.033097+00	0		
219	6296	14640106	163026	0	2013-03-06 01:00:08.024244+00	0		
220	6296	14640107	163026	0	2013-03-06 01:00:08.152733+00	0		
207	6296	13974407	112203	0	2012-09-25 00:00:12.564947+00	0		
221	6296	14640108	163026	0	2013-03-06 01:00:08.406824+00	0		
222	6296	14640109	163026	0	2013-03-06 01:00:08.674091+00	0		
223	6296	14640110	163026	0	2013-03-06 01:00:08.795891+00	0		
224	6296	14640111	163026	0	2013-03-06 01:00:08.93615+00	0		
225	6296	14718224	1035115	0	2013-03-27 15:00:07.691655+00	0		
271	6296	11891062	1190534	0	2015-01-06 17:02:54.059499+00	0		
234	6296	12216100	758907	0	2014-06-27 22:00:17.823765+00	0		
579	6296	27217783	2732621	0	2020-06-09 22:05:39.033097+00	0		
235	6296	12440758	1044063	0	2014-08-01 12:00:15.401629+00	0		
272	6296	17342478	734774	0	2015-01-31 12:01:32.812668+00	0		
273	6296	17429458	1565644	0	2015-02-21 21:01:34.530953+00	0		
236	6296	16458831	1458872	0	2014-08-10 21:01:02.278804+00	0		
237	6296	16458832	1458872	0	2014-08-10 21:01:03.929392+00	0		
238	6296	16458833	1458872	0	2014-08-10 21:01:26.404597+00	0		
239	6296	16458293	1458872	0	2014-08-10 22:00:36.813362+00	0		
209	241570	676442	133449	0	2015-05-17 12:16:20.419165+00	0		
210	241570	676443	133449	0	2015-05-17 12:16:20.419165+00	0		
1226	868770	31012472	194587	0	2021-12-01 18:56:37.937181+00	0		
242	6296	16481244	1461252	0	2014-08-16 20:00:18.766424+00	0		
261	6296	16492473	16289	0	2014-08-19 20:00:27.311659+00	0		
262	6296	16492473	16286	0	2014-08-19 20:00:27.338346+00	0		
263	6296	16849874	298305	0	2014-10-02 19:00:35.155184+00	0		
264	6296	16849875	76332	0	2014-10-02 19:00:35.270478+00	0		
266	6296	16849878	76332	0	2014-10-02 19:00:40.062647+00	0		
439	6296	21909785	1016257	0	2017-12-17 01:59:12.495767+00	0		
270	6296	16849886	76332	0	2014-10-02 19:00:40.505981+00	0		
230	6296	15918032	1398094	0	2014-11-10 17:00:48.093373+00	0		
283	6296	13333449	1521901	0	2015-09-05 17:24:09.205128+00	0		
276	6296	7254953	1159940	0	2015-06-02 09:01:23.723376+00	0		
284	6296	18225592	1657324	0	2015-10-13 10:01:24.654812+00	0		
291	282511	2922082	413769	0	2016-02-01 17:01:10.16402+00	0		
509	6296	26049114	2580553	0	2020-01-07 19:00:22.189748+00	0		
280	6296	17425187	1456201	0	2015-07-22 22:01:28.016431+00	0		
286	6296	785288	742923	0	2015-11-18 07:08:19.213822+00	0		
281	6296	18133080	1633123	0	2015-08-22 22:00:59.378944+00	0		
394	6296	1133658	1987188	0	2017-06-24 18:23:15.035187+00	0		
282	6296	13333449	1521846	0	2015-09-05 17:24:09.205128+00	0		
396	6296	1133662	1987188	0	2017-06-24 18:25:13.883207+00	0		
287	6296	999484	77887	0	2015-12-16 21:49:23.207751+00	0		
288	6296	999487	157078	0	2015-12-16 21:53:46.507093+00	0		
72	6296	7882373	1714702	0	2016-01-22 06:00:17.111998+00	0		
295	6296	19016279	1239120	0	2016-03-10 15:48:18.676535+00	0		
298	290859	10934542	1392335	0	2016-03-28 19:00:29.545185+00	0		
294	6296	16091796	1332533	0	2016-03-07 09:50:18.032313+00	0		
296	6296	10141309	1287365	0	2016-03-10 16:17:26.725697+00	0		
297	6296	14064640	62020	0	2016-03-13 05:34:39.039427+00	0		
320	6296	19246344	120180	0	2016-04-30 15:45:55.624114+00	0		
321	296265	19246349	1769548	0	2016-04-30 15:45:55.624114+00	0		
322	6296	19249796	1550277	0	2016-05-01 11:39:20.977477+00	0		
324	6296	11353864	1690307	0	2016-05-25 14:44:42.93334+00	0		
325	6296	11353865	1690307	0	2016-05-25 14:44:42.93334+00	0		
326	6296	11353866	1690307	0	2016-05-25 14:44:42.93334+00	0		
327	6296	11353867	1690307	0	2016-05-25 14:44:42.93334+00	0		
328	6296	11353868	1690307	0	2016-05-25 14:44:42.93334+00	0		
329	6296	11353869	1690307	0	2016-05-25 14:44:42.93334+00	0		
330	6296	19364162	1615891	0	2016-06-01 18:01:36.720117+00	0		
331	6296	19364162	153298	0	2016-06-01 18:01:36.720117+00	0		
455	506565	23205595	1687303	0	2020-07-12 21:08:56.926712+00	0		
338	6296	12098679	476178	0	2016-07-26 05:25:51.158674+00	0		
341	6296	8148059	122619	0	2016-10-02 05:19:05.086904+00	0		
342	6296	8148060	122619	0	2016-10-02 05:19:05.086904+00	0		
343	6296	8148061	122619	0	2016-10-02 05:19:05.086904+00	0		
344	6296	8148062	77840	0	2016-10-02 05:19:05.086904+00	0		
345	6296	8148063	77840	0	2016-10-02 05:19:05.086904+00	0		
346	6296	8148064	77840	0	2016-10-02 05:19:05.086904+00	0		
347	6296	20033987	104417	0	2016-11-19 05:53:13.487759+00	0		
339	6296	16378613	1822679	0	2017-10-28 23:00:28.10155+00	0		
348	6298	264218	256540	0	2016-12-02 20:00:32.852618+00	0		
349	6296	20126580	1873141	0	2016-12-08 15:57:33.616191+00	0		
21	6296	564695	465109	0	2017-03-17 07:00:20.017858+00	0		
454	506565	21715368	1687303	0	2018-07-10 20:25:13.660746+00	0		
635	6296	28419386	299460	0	2020-12-09 15:03:06.112233+00	0		
510	6296	26049115	2580553	0	2020-01-07 19:00:22.207374+00	0		
323	6296	167353	602788	0	2019-03-25 14:00:53.899019+00	0		
87	6296	747529	596809	0	2020-05-07 03:00:21.661803+00	0		
500	6296	26049105	2143993	0	2020-01-05 19:00:38.057433+00	0		
501	6296	26049106	2143993	0	2020-01-05 19:00:38.073414+00	0		
511	6296	26049116	2580553	0	2020-01-07 19:00:22.223775+00	0		
350	6296	20126580	981035	0	2016-12-08 15:57:33.616191+00	0		
351	6296	20126796	1873141	0	2016-12-08 17:26:17.614511+00	0		
352	6296	669057	972333	0	2016-12-09 01:57:04.414628+00	0		
353	6296	669059	972333	0	2016-12-09 01:57:04.414628+00	0		
354	6296	669061	972333	0	2016-12-09 01:57:04.414628+00	0		
355	6296	669063	972333	0	2016-12-09 01:57:04.414628+00	0		
389	6296	6278585	1461824	0	2017-01-13 18:41:40.118107+00	0		
69	6296	1377308	329285	0	2017-02-27 11:00:18.123888+00	0		
390	6296	20617871	1638381	0	2017-03-10 16:56:02.666077+00	0		
391	6296	20617872	1638381	0	2017-03-10 16:56:02.666077+00	0		
395	6296	1133660	1987188	0	2017-06-24 18:24:23.098668+00	0		
77	6296	564695	465131	0	2017-03-17 07:00:20.017858+00	0		
78	6296	564695	591715	0	2017-03-17 07:00:20.017858+00	0		
392	6296	20691122	1672007	0	2017-03-24 13:24:19.271319+00	0		
397	6296	1133664	1987188	0	2017-06-24 18:25:40.110559+00	0		
398	6296	1133665	1987188	0	2017-06-24 18:26:03.846602+00	0		
399	6296	11497840	1987188	0	2017-06-24 18:26:40.848367+00	0		
400	6296	1133667	1987191	0	2017-06-24 19:25:16.437607+00	0		
401	6296	11497827	1987191	0	2017-06-24 19:26:02.877121+00	0		
402	6296	11497834	1987191	0	2017-06-24 19:27:23.018506+00	0		
403	6296	11497836	1987191	0	2017-06-24 19:27:54.423171+00	0		
404	6296	11497838	1987191	0	2017-06-24 19:28:25.524656+00	0		
405	6296	11497839	1987191	0	2017-06-24 19:28:50.283658+00	0		
435	448986	21890503	2079196	0	2017-12-12 19:00:26.678946+00	0		
380	6296	19801053	1047317	0	2017-09-06 07:00:37.573371+00	0		
379	6296	19801053	1890418	0	2017-09-06 07:00:37.573371+00	0		
436	448986	21890503	2079173	0	2017-12-12 19:00:26.69024+00	0		
430	435146	12490489	2047441	0	2017-12-12 20:00:15.009026+00	0		
440	6296	21909783	1808947	0	2017-12-17 02:02:18.025711+00	0		
456	506565	21715369	1687303	0	2018-07-10 20:25:13.660746+00	0		
80	6296	2047	871565	0	2019-12-04 06:00:28.921981+00	0		
457	506565	21715370	1687303	0	2018-07-10 20:25:13.660746+00	0		
458	506565	21715371	1687303	0	2018-07-10 20:25:13.660746+00	0		
459	506565	21715372	1687303	0	2018-07-10 20:25:13.660746+00	0		
407	6296	21215860	1178491	0	2017-07-17 06:51:52.073011+00	0		
408	6296	21215861	1178491	0	2017-07-17 06:51:52.073011+00	0		
409	6296	21215862	1178491	0	2017-07-17 06:51:52.073011+00	0		
410	6296	21215864	1178491	0	2017-07-17 06:51:52.073011+00	0		
480	619296	24257613	713074	0	2019-08-12 00:02:01.310181+00	0		
411	6296	1582424	1167956	0	2017-08-07 20:14:25.601075+00	0		
412	6296	1582422	1167956	0	2017-08-07 20:14:25.601075+00	0		
413	6296	21396750	1380769	0	2017-08-27 18:04:24.10218+00	0		
414	6296	21396750	1888664	0	2017-08-27 18:04:24.10218+00	0		
415	6296	21396750	1240119	0	2017-08-27 18:04:24.10218+00	0		
416	6296	21396751	1535795	0	2017-08-27 18:06:26.843539+00	0		
417	6296	21396752	1583736	0	2017-08-27 18:09:42.283126+00	0		
418	6296	21396753	1303584	0	2017-08-27 18:16:11.803196+00	0		
419	6296	21396754	313151	0	2017-08-27 18:17:32.138757+00	0		
420	6296	21396754	137178	0	2017-08-27 18:17:32.138757+00	0		
421	6296	21396754	820246	0	2017-08-27 18:22:55.765239+00	0		
422	6296	21396755	710724	0	2017-08-27 18:25:14.136558+00	0		
423	6296	13547375	910810	0	2017-08-27 18:26:54.050495+00	0		
424	6296	21396757	1244077	0	2017-08-27 18:34:07.487547+00	0		
425	6296	21396757	972781	0	2017-08-27 18:34:07.487547+00	0		
426	6296	21396758	1180119	0	2017-08-27 18:35:28.243878+00	0		
427	6296	21396758	1289657	0	2017-08-27 18:35:28.243878+00	0		
428	6296	21396759	910810	0	2017-08-27 18:38:36.649437+00	0		
360	6296	19801043	1047317	0	2017-09-06 07:00:35.066002+00	0		
359	6296	19801043	1890418	0	2017-09-06 07:00:35.066002+00	0		
358	6296	19801042	1047317	0	2017-09-06 07:00:35.296924+00	0		
357	6296	19801042	1890418	0	2017-09-06 07:00:35.296924+00	0		
368	6296	19801047	1047317	0	2017-09-06 07:00:35.585464+00	0		
367	6296	19801047	1890418	0	2017-09-06 07:00:35.585464+00	0		
366	6296	19801046	1047317	0	2017-09-06 07:00:35.830925+00	0		
365	6296	19801046	1890418	0	2017-09-06 07:00:35.830925+00	0		
364	6296	19801045	1047317	0	2017-09-06 07:00:36.081803+00	0		
363	6296	19801045	1890418	0	2017-09-06 07:00:36.081803+00	0		
362	6296	19801044	1047317	0	2017-09-06 07:00:36.336074+00	0		
361	6296	19801044	1890418	0	2017-09-06 07:00:36.336074+00	0		
388	6296	19801057	1047317	0	2017-09-06 07:00:36.568855+00	0		
387	6296	19801057	1890418	0	2017-09-06 07:00:36.568855+00	0		
386	6296	19801056	1047317	0	2017-09-06 07:00:36.810263+00	0		
385	6296	19801056	1890418	0	2017-09-06 07:00:36.810263+00	0		
384	6296	19801055	1047317	0	2017-09-06 07:00:37.046667+00	0		
383	6296	19801055	1890418	0	2017-09-06 07:00:37.046667+00	0		
382	6296	19801054	1047317	0	2017-09-06 07:00:37.303567+00	0		
381	6296	19801054	1890418	0	2017-09-06 07:00:37.303567+00	0		
378	6296	19801052	1047317	0	2017-09-06 07:00:37.812529+00	0		
377	6296	19801052	1890418	0	2017-09-06 07:00:37.812529+00	0		
376	6296	19801051	1047317	0	2017-09-06 07:00:38.051076+00	0		
375	6296	19801051	1890418	0	2017-09-06 07:00:38.051076+00	0		
374	6296	19801050	1047317	0	2017-09-06 07:00:38.28164+00	0		
373	6296	19801050	1890418	0	2017-09-06 07:00:38.28164+00	0		
372	6296	19801049	1047317	0	2017-09-06 07:00:38.518578+00	0		
371	6296	19801049	1890418	0	2017-09-06 07:00:38.518578+00	0		
370	6296	19801048	1047317	0	2017-09-06 07:00:38.766314+00	0		
369	6296	19801048	1890418	0	2017-09-06 07:00:38.766314+00	0		
429	6296	6035869	27771	0	2017-09-09 12:40:52.735829+00	0		
431	6296	21631108	1787039	0	2017-10-15 12:53:59.275051+00	0		
432	6296	21683969	1928027	0	2017-10-26 22:45:22.514898+00	0		
433	439471	12481534	1619000	0	2017-11-04 14:00:43.622461+00	0		
434	6296	5517046	714310	0	2017-11-30 09:11:40.93765+00	0		
461	506565	21715374	1687303	0	2018-07-10 20:25:13.660746+00	0		
462	506565	21715375	1687303	0	2018-07-10 20:25:13.660746+00	0		
463	506565	21715376	1687303	0	2018-07-10 20:25:13.660746+00	0		
464	506565	21715377	1687303	0	2018-07-10 20:25:13.660746+00	0		
465	506565	21715378	1687303	0	2018-07-10 20:25:13.660746+00	0		
466	506565	21715379	1687303	0	2018-07-10 20:25:13.660746+00	0		
1212	6296	29711772	25026	0	2021-05-18 20:00:12.287698+00	0		
469	6296	510837	1556306	0	2018-10-10 02:30:45.065327+00	0		
467	521373	22657791	1609381	0	2018-08-29 14:00:28.903826+00	0		
580	6296	27217784	2732621	0	2020-06-09 22:05:39.033097+00	0		
470	6296	23704273	2301113	0	2018-12-03 20:25:24.931394+00	0		
471	6296	23881931	2275212	0	2019-01-03 07:06:00.128605+00	0		
472	562703	507398	330423	0	2019-01-06 01:26:41.191953+00	0		
473	6296	23969451	1834305	0	2019-01-15 17:46:24.236924+00	0		
497	6296	25927909	2351066	0	2019-12-21 20:46:49.866119+00	0		
484	6296	15371226	532916	0	2019-08-17 04:10:16.578934+00	0		
61	6296	1206210	514186	0	2019-09-04 09:05:40.597059+00	0		
482	6296	15371217	532916	0	2021-02-04 05:00:15.538954+00	0		
488	637225	8973033	359173	0	2019-10-09 13:55:21.102026+00	0		
460	506565	21715373	1687303	0	2019-02-08 05:00:45.804862+00	0		
486	6296	19375981	2219735	0	2019-09-30 05:12:49.570612+00	0		
487	6296	25479883	2181654	0	2019-10-05 06:35:11.935876+00	0		
1213	6296	29711773	25026	0	2021-05-18 20:00:12.287698+00	0		
483	6296	15371225	566324	0	2019-11-07 08:01:28.729372+00	0		
474	6296	1363488	2335145	0	2019-05-05 11:00:55.620822+00	0		
581	6296	27217785	2732621	0	2020-06-09 22:05:39.033097+00	0		
475	6296	24183366	2352731	0	2019-02-17 09:02:21.196299+00	0		
476	578956	22849295	2117345	0	2019-03-14 16:11:32.460755+00	0		
477	6296	23752049	1303076	0	2019-03-19 19:59:23.274304+00	0		
543	6296	13994105	941129	0	2020-01-15 08:58:13.585791+00	0		
582	6296	27217786	2732621	0	2020-06-09 22:05:39.033097+00	0		
544	6296	19893819	1583445	0	2020-01-16 20:43:30.903679+00	0		
545	6296	23294694	76145	0	2020-01-17 17:01:55.133582+00	0		
535	6296	26140404	466850	0	2020-01-18 18:00:58.989014+00	0		
536	6296	26140405	466850	0	2020-01-18 18:00:59.001619+00	0		
537	6296	26140406	466850	0	2020-01-18 18:00:59.012763+00	0		
538	6296	26140407	466850	0	2020-01-18 18:00:59.022865+00	0		
539	6296	26140408	865149	0	2020-01-18 18:01:01.261432+00	0		
540	6296	26140408	1816766	0	2020-01-18 18:01:01.268506+00	0		
546	6296	26189690	2595720	0	2020-01-20 10:36:22.275315+00	0		
547	6296	26312249	1258713	0	2020-02-09 20:47:04.18655+00	0		
548	6296	26312250	292518	0	2020-02-09 20:47:04.18655+00	0		
549	6296	26312252	787771	0	2020-02-09 20:47:04.18655+00	0		
550	6296	26312253	1258713	0	2020-02-09 20:47:04.18655+00	0		
551	6296	26312254	292518	0	2020-02-09 20:47:04.18655+00	0		
552	6296	26312256	2577744	0	2020-02-09 20:47:04.18655+00	0		
553	6296	26312258	541257	0	2020-02-09 20:47:04.18655+00	0		
554	6296	26312260	2577744	0	2020-02-09 20:47:04.18655+00	0		
555	6296	26312261	541257	0	2020-02-09 20:47:04.18655+00	0		
556	6296	26312264	1012212	0	2020-02-09 20:47:04.18655+00	0		
583	6296	27217787	2732621	0	2020-06-09 22:05:39.033097+00	0		
584	6296	27217788	2732621	0	2020-06-09 22:05:39.033097+00	0		
585	6296	27217789	2732621	0	2020-06-09 22:05:39.033097+00	0		
586	6296	27217790	2732621	0	2020-06-09 22:05:39.033097+00	0		
502	6296	26049107	2143993	0	2020-01-05 20:00:33.133164+00	0		
503	6296	26049108	2143993	0	2020-01-05 20:00:33.15678+00	0		
504	6296	26049109	2143993	0	2020-01-05 20:00:33.171656+00	0		
505	6296	26049110	2143993	0	2020-01-05 20:00:33.185538+00	0		
506	6296	26049111	2143993	0	2020-01-05 20:00:33.200187+00	0		
507	6296	26049112	2143993	0	2020-01-05 20:00:33.215406+00	0		
508	6296	26049113	2143993	0	2020-01-05 20:00:33.230867+00	0		
512	6296	26049117	2580549	0	2020-01-07 19:00:22.239121+00	0		
513	6296	26049118	2580549	0	2020-01-07 19:00:22.255655+00	0		
514	6296	26049119	2580553	0	2020-01-07 19:00:22.272506+00	0		
515	6296	26049120	2580549	0	2020-01-07 19:00:22.288516+00	0		
516	6296	26049121	2580553	0	2020-01-07 19:00:22.304297+00	0		
517	6296	26049122	2580549	0	2020-01-07 19:00:22.321912+00	0		
518	6296	26049123	2580549	0	2020-01-07 19:00:22.337376+00	0		
519	6296	26049124	2580549	0	2020-01-07 19:00:22.353992+00	0		
587	6296	27217791	2732621	0	2020-06-09 22:05:39.033097+00	0		
588	6296	27217793	2732621	0	2020-06-09 22:05:39.033097+00	0		
589	6296	27217794	2732621	0	2020-06-09 22:05:39.033097+00	0		
590	6296	27217795	2732621	0	2020-06-09 22:05:39.033097+00	0		
591	6296	27217796	2732621	0	2020-06-09 22:05:39.033097+00	0		
592	6296	27217797	2732621	0	2020-06-09 22:05:39.033097+00	0		
520	6296	8357913	1844253	0	2020-01-12 16:01:30.583051+00	0		
521	6296	8357914	1844253	0	2020-01-12 16:01:30.590319+00	0		
522	6296	8357915	1844253	0	2020-01-12 16:01:30.596997+00	0		
523	6296	8357916	1844253	0	2020-01-12 16:01:30.604268+00	0		
524	6296	8357917	1844253	0	2020-01-12 16:01:30.611265+00	0		
525	6296	8357918	1844253	0	2020-01-12 16:01:30.61892+00	0		
526	6296	8357919	1844253	0	2020-01-12 16:01:30.626255+00	0		
527	6296	8357920	1844253	0	2020-01-12 16:01:30.634063+00	0		
528	6296	8357921	1844253	0	2020-01-12 16:01:30.640727+00	0		
529	6296	8357922	1844253	0	2020-01-12 16:01:30.647291+00	0		
530	6296	8357923	1844253	0	2020-01-12 16:01:30.654716+00	0		
531	6296	8357924	1844253	0	2020-01-12 16:01:30.661277+00	0		
532	6296	8357925	1844253	0	2020-01-12 16:01:30.669437+00	0		
533	6296	8357926	1844253	0	2020-01-12 16:01:30.676213+00	0		
534	6296	8357927	1844253	0	2020-01-12 16:01:30.68381+00	0		
593	6296	27217798	2732621	0	2020-06-09 22:05:39.033097+00	0		
594	6296	27217799	2732621	0	2020-06-09 22:05:39.033097+00	0		
595	6296	27217800	2732621	0	2020-06-09 22:05:39.033097+00	0		
1214	6296	29568318	764360	0	2021-05-31 14:37:14.558555+00	0		
561	6296	20924823	1794591	0	2020-03-06 07:56:47.435926+00	0		
562	6296	26909518	2690019	0	2020-04-29 00:33:12.453184+00	0		
563	6296	20917395	696439	0	2020-05-04 12:03:28.503326+00	0		
564	6296	20776121	696439	0	2020-05-04 12:07:19.528617+00	0		
356	6296	2418660	1180099	0	2022-01-06 02:01:20.17572+00	0		
558	6296	17499252	1868454	0	2021-11-30 04:01:19.011314+00	0		
17	6296	3681958	181575	0	2021-12-11 14:00:38.780113+00	0		
572	6296	20261267	419205	0	2021-12-30 16:02:22.146454+00	0		
617	6296	27808777	2137267	0	2022-01-12 01:01:00.697887+00	0		
1228	6296	326452	471629	0	2022-01-13 15:29:21.592458+00	0		
1229	6296	31449996	800288	0	2022-01-23 15:11:55.805947+00	0		
573	6296	25112601	277254	0	2020-05-17 19:19:41.324446+00	0		
596	6296	27217801	2732621	0	2020-06-09 22:05:39.033097+00	0		
574	6296	27114920	1263276	0	2020-06-03 20:01:00.556745+00	0		
4	6296	209478	576523	0	2022-03-27 10:00:52.462602+00	0		
598	6296	27281425	1963440	0	2020-06-19 20:22:36.814055+00	0		
599	6296	1780364	458006	0	2020-07-02 17:00:24.302256+00	0		
211	241570	15874128	133449	0	2020-07-11 12:01:33.851641+00	0		
600	6296	27397669	2755737	0	2020-07-15 01:00:24.517856+00	0		
601	6296	27442480	1600462	0	2020-07-15 19:46:28.463759+00	0		
602	6296	27500911	1203307	0	2020-07-26 16:54:08.107852+00	0		
604	6296	27575317	1959057	0	2020-08-09 06:10:36.811035+00	0		
605	6296	26017248	784803	0	2020-08-10 14:29:26.543683+00	0		
606	6296	26017249	784803	0	2020-08-10 14:29:26.543683+00	0		
607	6296	26017250	784803	0	2020-08-10 14:29:26.543683+00	0		
608	6296	26017251	784803	0	2020-08-10 14:29:26.543683+00	0		
609	6296	26017252	784803	0	2020-08-10 14:29:26.543683+00	0		
610	6296	26017253	784803	0	2020-08-10 14:29:26.543683+00	0		
611	6296	26017254	784803	0	2020-08-10 14:29:26.543683+00	0		
612	6296	26017255	784803	0	2020-08-10 14:29:26.543683+00	0		
613	6296	26017256	784803	0	2020-08-10 14:29:26.543683+00	0		
614	6296	26017257	784803	0	2020-08-10 14:29:26.543683+00	0		
603	6296	21834020	2775243	0	2020-08-11 18:27:37.555306+00	0		
616	6296	17084751	638715	0	2020-09-08 19:07:18.635225+00	0		
615	435146	539253	747689	0	2020-09-06 10:00:38.851385+00	0		
5	6296	209478	576524	0	2022-03-27 10:00:52.462602+00	0		
623	6296	28129843	2862425	0	2020-10-29 21:55:35.72945+00	0		
625	6296	28254299	2261740	0	2020-11-14 11:07:52.27261+00	0		
622	6296	28113091	1399336	0	2020-11-03 14:00:14.905347+00	0		
624	6296	27887087	2750430	0	2020-10-31 18:29:40.333663+00	0		
627	6296	28255687	2879456	0	2020-11-15 01:26:24.137505+00	0		
628	6296	28256035	2879516	0	2020-11-15 01:26:24.137505+00	0		
629	6296	28255752	2879472	0	2020-11-15 01:26:24.137505+00	0		
630	6296	28283231	1587635	0	2020-11-18 17:00:21.842871+00	0		
632	6296	28328114	1808601	0	2020-11-23 20:00:25.409876+00	0		
631	6296	15948698	1401510	0	2020-11-29 20:00:47.818574+00	0		
633	6296	28333004	2392046	0	2020-12-01 20:00:15.126452+00	0		
571	6296	20261267	564928	0	2021-12-30 16:02:22.146454+00	0		
1230	6296	31449682	800288	0	2022-01-23 15:17:38.026132+00	0		
634	6296	28419382	299460	0	2020-12-09 15:02:59.209756+00	0		
81	6296	3526	29084	0	2021-01-02 21:01:12.484745+00	0		
82	6296	3526	71266	0	2021-01-02 21:01:12.484745+00	0		
636	6296	28664723	1534866	0	2021-01-05 22:31:04.373387+00	0		
1215	820800	17205997	1150347	0	2021-06-06 13:58:39.660649+00	0		
1216	6296	30121870	3136699	0	2021-07-25 20:15:54.792086+00	0		
227	6296	386949	1114439	0	2021-08-05 06:00:20.964554+00	0		
1218	836880	27494835	3016998	0	2021-08-19 04:30:41.488254+00	0		
1219	838826	30315196	3164254	0	2021-08-27 06:06:38.118725+00	0		
1222	839201	30289811	3160266	0	2021-08-29 07:09:08.8554+00	0		
1221	6296	30319156	3164841	0	2021-09-07 15:00:23.160791+00	0		
1207	6296	21921372	3072336	0	2021-05-08 20:54:36.478276+00	0		
1208	813377	21921379	3072336	0	2021-05-08 20:54:36.478276+00	0		
1209	619296	21921379	3072336	0	2021-05-08 20:54:36.478276+00	0		
1210	813379	21921380	3072336	0	2021-05-08 20:54:36.478276+00	0		
63	6296	1291462	894945	0	2021-09-15 14:00:39.915629+00	0		
1223	6296	13226399	2620296	0	2021-10-28 07:37:08.230411+00	0		
732	789153	887789	1715227	0	2021-11-09 17:00:14.993443+00	0		
1224	6296	30869548	3191501	0	2021-11-21 01:01:17.893811+00	0		
53	241570	209480	133449	0	2022-02-12 13:01:07.944841+00	0		
637	6296	28930699	1565662	0	2022-02-17 02:00:54.974446+00	0		
638	6296	28930705	2831053	0	2022-02-17 02:00:54.974446+00	0		
1266	6296	31744807	2848570	0	2022-03-07 12:14:00.919802+00	0		
1322	6296	32144408	968800	0	2022-05-01 10:13:57.629458+00	0		
692	789146	165964	154410	0	2021-02-19 21:24:21.200943+00	0		
707	789151	7718024	1550063	0	2021-02-19 21:24:21.200943+00	0		
708	789151	7718025	1550063	0	2021-02-19 21:24:21.200943+00	0		
709	789151	7718026	1550063	0	2021-02-19 21:24:21.200943+00	0		
710	789151	7718027	1550063	0	2021-02-19 21:24:21.200943+00	0		
711	789151	7718028	1550063	0	2021-02-19 21:24:21.200943+00	0		
712	789151	7718029	1550063	0	2021-02-19 21:24:21.200943+00	0		
718	789152	7574818	1331934	0	2021-02-19 21:24:21.200943+00	0		
720	789152	7574820	1331934	0	2021-02-19 21:24:21.200943+00	0		
721	789152	7574821	1331934	0	2021-02-19 21:24:21.200943+00	0		
722	789153	7574681	1715227	0	2021-02-19 21:24:21.200943+00	0		
723	789153	7574682	1715227	0	2021-02-19 21:24:21.200943+00	0		
724	789153	7574683	1715227	0	2021-02-19 21:24:21.200943+00	0		
725	789153	7574684	1715227	0	2021-02-19 21:24:21.200943+00	0		
726	789153	7574685	1715227	0	2021-02-19 21:24:21.200943+00	0		
728	789153	7574687	1715227	0	2021-02-19 21:24:21.200943+00	0		
729	789153	7574688	1715227	0	2021-02-19 21:24:21.200943+00	0		
730	789153	7574689	1715227	0	2021-02-19 21:24:21.200943+00	0		
731	789153	7574690	1715227	0	2021-02-19 21:24:21.200943+00	0		
733	789153	7574692	1715227	0	2021-02-19 21:24:21.200943+00	0		
734	789153	7574693	1715227	0	2021-02-19 21:24:21.200943+00	0		
735	789153	7574694	1715227	0	2021-02-19 21:24:21.200943+00	0		
736	789153	7574695	1715227	0	2021-02-19 21:24:21.200943+00	0		
737	789146	7574864	154410	0	2021-02-19 21:24:21.200943+00	0		
738	789146	7574865	154410	0	2021-02-19 21:24:21.200943+00	0		
739	789146	7574866	154410	0	2021-02-19 21:24:21.200943+00	0		
740	789146	7574867	154410	0	2021-02-19 21:24:21.200943+00	0		
741	789146	7574869	154410	0	2021-02-19 21:24:21.200943+00	0		
742	789146	7574870	154410	0	2021-02-19 21:24:21.200943+00	0		
744	789146	7574872	154410	0	2021-02-19 21:24:21.200943+00	0		
745	789146	7574873	154410	0	2021-02-19 21:24:21.200943+00	0		
727	789153	1898818	1715227	0	2021-02-25 15:00:10.295168+00	0		
746	789146	7574874	154410	0	2021-02-25 15:00:14.13013+00	0		
1287	6296	31806515	1214100	0	2022-03-16 15:09:13.327658+00	0		
713	789152	7574813	1331934	0	2021-02-27 23:11:45.408169+00	0		
16	241570	676441	133449	0	2022-03-22 21:00:55.612303+00	0		
1288	6296	19382601	3344136	0	2022-03-25 01:42:43.082885+00	0		
6	6296	209478	576525	0	2022-03-27 10:00:52.462602+00	0		
7	6296	209478	576526	0	2022-03-27 10:00:52.462602+00	0		
8	6296	209478	576527	0	2022-03-27 10:00:52.462602+00	0		
9	6296	209478	576528	0	2022-03-27 10:00:52.462602+00	0		
10	6296	209478	576529	0	2022-03-27 10:00:52.462602+00	0		
11	6296	209478	576530	0	2022-03-27 10:00:52.462602+00	0		
12	6296	209478	576531	0	2022-03-27 10:00:52.462602+00	0		
13	6296	209478	576532	0	2022-03-27 10:00:52.462602+00	0		
3	6296	209478	576628	0	2022-03-27 10:00:52.462602+00	0		
15	6296	209478	770453	0	2022-03-27 10:00:52.462602+00	0		
747	789146	7574875	154410	0	2021-02-19 21:24:21.200943+00	0		
748	789146	7574876	154410	0	2021-02-19 21:24:21.200943+00	0		
749	789146	7574877	154410	0	2021-02-19 21:24:21.200943+00	0		
1232	890014	31624162	3361362	0	2022-02-17 03:27:38.940816+00	0		
751	789669	17667026	196942	0	2021-02-21 21:31:03.104994+00	0		
752	789669	17667027	196942	0	2021-02-21 21:31:03.104994+00	0		
753	789669	17667028	196942	0	2021-02-21 21:31:03.104994+00	0		
1233	6296	31673395	43154	0	2022-02-24 16:08:04.156131+00	0		
757	789669	17667032	196942	0	2021-02-21 21:31:03.104994+00	0		
758	789669	17667033	196942	0	2021-02-21 21:31:03.104994+00	0		
759	789669	17667034	196942	0	2021-02-21 21:31:03.104994+00	0		
760	789669	17667035	196942	0	2021-02-21 21:31:03.104994+00	0		
761	789669	17667036	196942	0	2021-02-21 21:31:03.104994+00	0		
762	789669	17667037	196942	0	2021-02-21 21:31:03.104994+00	0		
763	789669	17667038	196942	0	2021-02-21 21:31:03.104994+00	0		
764	789669	17667039	196942	0	2021-02-21 21:31:03.104994+00	0		
765	789669	17667040	196942	0	2021-02-21 21:31:03.104994+00	0		
766	789669	17667041	196942	0	2021-02-21 21:31:03.104994+00	0		
767	789669	17667042	196942	0	2021-02-21 21:31:03.104994+00	0		
768	789669	17667043	196942	0	2021-02-21 21:31:03.104994+00	0		
717	789152	7574817	1331934	0	2021-06-15 04:00:26.326537+00	0		
770	789670	956527	467416	0	2021-02-21 21:31:03.104994+00	0		
1220	838826	30289822	3164254	0	2021-08-27 06:16:19.664069+00	0		
772	789670	956529	467416	0	2021-02-21 21:31:03.104994+00	0		
773	789670	956530	467416	0	2021-02-21 21:31:03.104994+00	0		
774	789670	956531	467416	0	2021-02-21 21:31:03.104994+00	0		
750	789669	736220	196942	0	2021-10-23 02:00:32.636505+00	0		
776	789670	956533	467416	0	2021-02-21 21:31:03.104994+00	0		
756	789669	221292	196942	0	2021-10-23 02:01:25.117428+00	0		
778	789670	956535	467416	0	2021-02-21 21:31:03.104994+00	0		
779	789670	956536	467416	0	2021-02-21 21:31:03.104994+00	0		
780	789670	956537	467416	0	2021-02-21 21:31:03.104994+00	0		
781	789670	956538	467416	0	2021-02-21 21:31:03.104994+00	0		
782	789670	956539	467416	0	2021-02-21 21:31:03.104994+00	0		
783	789670	956540	467416	0	2021-02-21 21:31:03.104994+00	0		
754	789669	9377257	196942	0	2021-10-28 02:00:15.543726+00	0		
755	789669	221291	196942	0	2021-10-28 02:00:15.702482+00	0		
787	789671	2297013	424212	0	2021-02-21 21:31:03.104994+00	0		
791	789671	2297017	424212	0	2021-02-21 21:31:03.104994+00	0		
794	789671	2297020	424212	0	2021-02-21 21:31:03.104994+00	0		
795	789671	2297021	424212	0	2021-02-21 21:31:03.104994+00	0		
796	789671	1964786	424212	0	2021-02-21 21:31:03.104994+00	0		
797	789671	2297023	424212	0	2021-02-21 21:31:03.104994+00	0		
798	789671	2297024	424212	0	2021-02-21 21:31:03.104994+00	0		
799	789671	2297025	424212	0	2021-02-21 21:31:03.104994+00	0		
800	789671	2297026	424212	0	2021-02-21 21:31:03.104994+00	0		
801	789671	2297027	424212	0	2021-02-21 21:31:03.104994+00	0		
810	789672	3063250	467421	0	2021-02-21 21:31:03.104994+00	0		
812	789672	3063252	467421	0	2021-02-21 21:31:03.104994+00	0		
813	789672	3063253	467421	0	2021-02-21 21:31:03.104994+00	0		
814	789672	3063254	467421	0	2021-02-21 21:31:03.104994+00	0		
815	789672	3063255	467421	0	2021-02-21 21:31:03.104994+00	0		
817	789673	3063278	467425	0	2021-02-21 21:31:03.104994+00	0		
818	789673	3063279	467425	0	2021-02-21 21:31:03.104994+00	0		
819	789673	3063280	467425	0	2021-02-21 21:31:03.104994+00	0		
820	789673	3063281	467425	0	2021-02-21 21:31:03.104994+00	0		
821	789673	3063282	467425	0	2021-02-21 21:31:03.104994+00	0		
822	789673	3063283	467425	0	2021-02-21 21:31:03.104994+00	0		
823	789673	3063284	467425	0	2021-02-21 21:31:03.104994+00	0		
824	789673	3063285	467425	0	2021-02-21 21:31:03.104994+00	0		
825	789673	3063286	467425	0	2021-02-21 21:31:03.104994+00	0		
826	789673	3063287	467425	0	2021-02-21 21:31:03.104994+00	0		
827	789673	3063288	467425	0	2021-02-21 21:31:03.104994+00	0		
828	789673	3063289	467425	0	2021-02-21 21:31:03.104994+00	0		
829	789673	3063290	467425	0	2021-02-21 21:31:03.104994+00	0		
844	789146	925041	13889	0	2021-02-25 20:42:58.925213+00	0		
845	789146	925042	13889	0	2021-02-25 20:42:58.925213+00	0		
854	789153	2389641	211623	0	2021-02-25 20:42:58.925213+00	0		
855	789153	2389642	211623	0	2021-02-25 20:42:58.925213+00	0		
945	789146	1955550	97220	0	2021-06-29 21:00:47.772079+00	0		
915	793185	23601983	9383	0	2021-12-29 02:00:27.83276+00	0		
914	793185	1655721	9383	0	2021-12-29 02:00:28.651187+00	0		
879	790809	21007765	1093312	0	2021-02-25 20:42:58.925213+00	0		
901	792243	29157631	703341	0	2021-03-02 04:35:27.400326+00	0		
902	792368	29160945	2345533	0	2021-03-02 14:06:32.309636+00	0		
903	793183	12910706	6425	0	2021-03-05 11:32:29.315797+00	0		
910	793185	1655717	9383	0	2021-03-05 11:32:29.315797+00	0		
912	793185	19322076	9383	0	2021-03-05 11:32:29.315797+00	0		
913	793185	19322077	9383	0	2021-03-05 11:32:29.315797+00	0		
916	793185	1655723	9383	0	2021-03-05 11:32:29.315797+00	0		
917	793185	1655724	9383	0	2021-03-05 11:32:29.315797+00	0		
921	793186	2233088	9385	0	2021-03-05 11:32:29.315797+00	0		
925	793186	565455	9385	0	2021-03-05 11:32:29.315797+00	0		
927	793186	2233094	9385	0	2021-03-05 11:32:29.315797+00	0		
928	793186	953893	9385	0	2021-03-05 11:32:29.315797+00	0		
929	793186	2233096	9385	0	2021-03-05 11:32:29.315797+00	0		
938	793187	2061857	2592	0	2021-03-05 11:32:29.315797+00	0		
939	793187	2061858	2592	0	2021-03-05 11:32:29.315797+00	0		
940	793187	2061859	2592	0	2021-03-05 11:32:29.315797+00	0		
957	789148	14845971	97224	0	2021-03-07 21:56:34.961966+00	0		
1037	793899	288112	186745	0	2022-03-18 16:01:06.18192+00	0		
978	789153	895254	705920	0	2021-03-08 10:04:43.211577+00	0		
979	789153	26890422	705920	0	2021-03-08 10:04:43.211577+00	0		
980	789153	26890423	705920	0	2021-03-08 10:04:43.211577+00	0		
981	789153	26890424	705920	0	2021-03-08 10:04:43.211577+00	0		
982	789153	26890425	705920	0	2021-03-08 10:04:43.211577+00	0		
983	789153	26890426	705920	0	2021-03-08 10:04:43.211577+00	0		
984	789153	26890427	705920	0	2021-03-08 10:04:43.211577+00	0		
985	789153	26890428	705920	0	2021-03-08 10:04:43.211577+00	0		
986	789153	26890429	705920	0	2021-03-08 10:04:43.211577+00	0		
987	789153	26890430	705920	0	2021-03-08 10:04:43.211577+00	0		
988	789153	26890431	705920	0	2021-03-08 10:04:43.211577+00	0		
989	789153	26890432	705920	0	2021-03-08 10:04:43.211577+00	0		
990	789153	26890433	705920	0	2021-03-08 10:04:43.211577+00	0		
991	789153	26890434	705920	0	2021-03-08 10:04:43.211577+00	0		
992	789153	26890435	705920	0	2021-03-08 10:04:43.211577+00	0		
993	789153	26890436	705920	0	2021-03-08 10:04:43.211577+00	0		
994	789153	26890437	705920	0	2021-03-08 10:04:43.211577+00	0		
1009	789147	26890452	122341	0	2021-03-08 10:04:43.211577+00	0		
1010	789147	26890453	122341	0	2021-03-08 10:04:43.211577+00	0		
1011	789147	26890454	122341	0	2021-03-08 10:04:43.211577+00	0		
1012	789147	26890455	122341	0	2021-03-08 10:04:43.211577+00	0		
1013	789147	26890456	122341	0	2021-03-08 10:04:43.211577+00	0		
1014	789147	26890457	122341	0	2021-03-08 10:04:43.211577+00	0		
1015	789147	26890458	122341	0	2021-03-08 10:04:43.211577+00	0		
1016	789147	26890459	122341	0	2021-03-08 10:04:43.211577+00	0		
1017	789147	26890460	122341	0	2021-03-08 10:04:43.211577+00	0		
1018	789147	26890461	122341	0	2021-03-08 10:04:43.211577+00	0		
1019	789147	26890462	122341	0	2021-03-08 10:04:43.211577+00	0		
1022	792038	26890465	1546877	0	2021-03-08 10:04:43.211577+00	0		
1023	792038	26890466	1546877	0	2021-03-08 10:04:43.211577+00	0		
1024	792038	26890467	1546877	0	2021-03-08 10:04:43.211577+00	0		
1029	792038	26890495	1546877	0	2021-03-08 10:04:43.211577+00	0		
1030	792038	26890496	1546877	0	2021-03-08 10:04:43.211577+00	0		
1031	792038	26890497	1546877	0	2021-03-08 10:04:43.211577+00	0		
1032	793899	1886657	186745	0	2021-03-08 10:08:41.772617+00	0		
1034	793899	1886651	186745	0	2021-03-08 10:08:41.772617+00	0		
1040	793944	9647103	162060	0	2021-03-08 12:44:01.582898+00	0		
1055	793947	806347	162052	0	2021-03-08 12:44:01.582898+00	0		
1058	793947	1763661	162052	0	2021-03-08 12:44:01.582898+00	0		
1004	789146	1699464	1551873	0	2021-04-09 17:00:20.514435+00	0		
1005	789146	1699465	1551873	0	2021-04-09 17:00:20.71452+00	0		
1006	789146	1699466	1551873	0	2021-04-09 17:00:20.918467+00	0		
1007	789146	1699467	1551873	0	2021-04-09 17:00:32.595086+00	0		
1008	789146	1699468	1551873	0	2021-04-09 17:00:32.743279+00	0		
1147	6296	29251715	3013989	0	2021-03-12 17:39:14.351255+00	0		
1148	6296	29261597	3015402	0	2021-03-13 16:54:44.28588+00	0		
1149	6296	29261596	3015402	0	2021-03-13 16:55:08.402738+00	0		
1150	6296	29279706	1109157	0	2021-03-15 14:10:33.114439+00	0		
1151	6296	29279706	1109142	0	2021-03-15 14:10:33.114439+00	0		
1204	6296	10667223	159475	0	2021-04-15 15:10:40.167159+00	0		
1205	806854	10667223	159475	0	2021-04-15 15:11:46.219844+00	0		
